100001011111110101000011000010100100000100000101100000110000010011000001110000001000111001111100
100000010101010100000011000000000100000100000101000000110000000011000000000000001000111001110100
000000011101110001000011000010000100000100000100100000110000010011000001010000001000101001110100
101101100010001100000011000000101000000100000011000000110000000011000001110000001000101001111100
000000011101110001000011000010000100000100000100100000110000010011000001010000001000101001110100
000000000000000000000011111000000000000000000000000000111110000000000000000000000000000000000000
000000000000000000000000111110000000000000000000000000001111100000000000000000000000000000000000
000000000000000000000000001111100000000000000001000000000011110000000000000000000000000000000000
000000000000000011000000000011100000000000000001110000000000110000000000000000000000000000000000
000000000000000011110000000000100000000000000001111100000000000000000000000000000000000000000000
000000000000000001111100000000000000000000000000011111000000000000000000000000000000000000000000
000000000000000000011111000000000000000000000000000111110000000000000000000000000000000000000000
000000000000000000001111000000000000000000000000000011110000000000000000000000000000000000000000
000000000000000000000011000000000000000000000000000000110000000000000000000000000000000000000000
000000000000000000000001000000000000000000000000000000010000000000000000000000000000000000000000
000000000000000000000000000000000000000000000000000000000000000000000000000000000000000000000000
000000000000000000000001000000000000000111000000000000010000000000000000000000000000000000000000
000000000000000000000010000000000000001111000000000000100000000000000000000000000000000000000000
000000000000000000000100000000000000011111000000000001000000000000000000000000000000000000000000
000000000000000000001000000000000000111111000000000010000000000000000000000000000000000000000000
000000000000000000010000000000000001111111000000000100000000000000000000000000000000000000000000
000000000000000000100000000000000011111111000000001000000000000000000000000000000000000000000000
000000000000000010000000000000001111111111000000100000000000000000000000000000000000000000000000
000000000000000000000000000000101111111111000011000000000000000000000000000000000000000000000000
000000000000000000000000000001001111111111000110000000000000010000000000000000000000000000000000
000000000000000000000000000010001111111111001110000000000000100000000000000000000000000000000000
000000000000000000000000000100001111111111011110000000000001000000000000000000000000000000000000
000000000000000000000000001000001111111111111110000000000010000000000000000000000000000000000000
000000000000000000000000010000001111111101111110000000000100000000000000000000000000000000000000
000000000000000000000000010000001111111001111110000000000100000000000000000000000000000000000000
000000000000000000000000010000001111110001111110000000000100000000000000000000000000000000000000
000000000000000000000000010000001111100001111110000000000100000000000000000000000000000000000000
000000000000000000000000010000001111000001111110000000000100000000000000000000000000000000000000
000000000000000000000000010000001110000001111110000000000100000000000000000000000000000000000000
000000000000000000000000010000001100000001111110000000000100000000000000000000000000000000000000
000000000000000000000000010000001000000001111110000000000100000000000000000000000000000000000000
000000000000000000000000010000000000000001111110000000000100000000000000000000000000000000000000
000000000000000000000000010000000000000001111100000000000100000000000000000000000000000000000000
000000000000000000000000010000000000000001111000000000000100000000000000000000000000000000000000
000000000000000000000000010000000000000001110000000000000100000000000000000000000000000000000000
000000000000000000000000010000000000000001100000000000000100000000000000000000000000000000000000
000000000000000000000000010000000000000001000000000000000100000000000000000000000000000000000000
000000000000000000000000000000000000000001000000000000000000000000000000000000000000000000000000
111111000000000000000000000000000000000000000000000000000000000000000000000000000000000000000000
000000000000000000000000000000000000000000000000000000000000000000000000000000000000000000000000
000000000000000000000000000000000000000000000000000000000000000000000000000000000000000000000000
000000000000000000000000000000000000000000000000000000000000000000000000000000000000000000000000
000000000000000000000000000000000000000000000000000000000000000000000000000000000000000000000000
000000000000000000000000000000000000000000000000000000000000000000000000000000000000000000000000
000000000000000000000000000000000000000000000000000000000000000000000000000000000000000000000000
