000010000000000000000000000000000010010010010010100100100100100000000000000000000000000000010000
000001000000000000000000000000001001001001001000010010010010010000000000000000000000000000001000
010000000000000000000000000000000100100100100101001001001001000000000000000000000000000000000100
001000000000000000000000000000000010010010010010100100100100100000000000000000000000000001000000
000100000000000000000000000000001001001001001000010010010010010000000000000000000000000000100000
000000000000000000000000000000000000000000000000000000000000000000000000000000000000000000000000
000000000000000000000000000000000000000000000000000000000000000000000000000000000000000000000000
000000000000000000000000000000000000000000000000000000000000000000000000000000000000000000000000
000000000000000000000000000000000000000000000000000000000000000000000000000000000000000000000000
000000000000000000000000000000000000000000000000000000000000000000000000000000000000000000000000
