100001000000000000000000000000000000000000000000000000000000000000000000000000000000000000000000
100010000000000000000000000000000000000000000000000000000000000000000000000000000000000000000000
100100000000000000000000000000000000000000000000000000000000000000000000000000000000000000000000
101000000000000000000000000000000000000000000000000000000000000000000000000000000000000000000000
110000000000000000000000000000000000000000000000000000000000000000000000000000000000000000000000
100001000000000100000000000000000000000000000000000000000000000000000000000000000000000000000000
100010000000010000000000000000000000000000000000000000000000000000000000000000000000000000000000
100100000001000000000000000000000000000000000000000000000000000000000000000000000000000000000000
101000000100000000000000000000000000000000000000000000000000000000000000000000000000000000000000
110000010000000000000000000000000000000000000000000000000000000000000000000000000000000000000000
100001000000000100000000000000100000000000000000000000000000000000000000000000000000000000000000
100010000000010000000000000100000000000000000000000000000000000000000000000000000000000000000000
100100000001000000000000100000000000000000000000000000000000000000000000000000000000000000000000
101000000100000000000100000000000000000000000000000000000000000000000000000000000000000000000000
110000010000000000100000000000000000000000000000000000000000000000000000000000000000000000000000
100001000000000100000000000000100000000000000000000000000000000000000000000000000000000000000000
000001000000000100000000000000000000000000000000000000000000000000000000000000000000000000000000
000000000000000000000000000111100000000000000000000000000000000000000000000000000000000000000000
000000000000000000000000000000100000000000000010000000000000010000000000000000100000000000000000
000000000000000000000000000000101000000000000000100000000000000000100000000000000000000000000000
000000000000000011000000000000100000000000000000000000000000000000000000000000000000000000000000
000001000000000100000000000000100000000000000000000000000000000000000000000000000000000000000000
000000000000000000000000000011100000000000000000000000000000000000000000000000000000000000000000
000000000000000000000000000000100000000000000010000000000000010000000000000000000000000000000000
000000000000000000000000000000101000000000000000100000000000000000000000000000000000000000000000
000000000000000010000000000000100000000000000000000000000000000000000000000000000000000000000000
000000000000000100000000000000100000000000000000000000000000000000000000000000000000000000000000
000000000000000000000000000001100000000000000000000000000000000000000000000000000000000000000000
000000000000000000000000000000100000000000000010000000000000000000000000000000000000000000000000
000000000000000000000000000000101000000000000000000000000000000000000000000000000000000000000000
000000000000000000000000000000100000000000000000000000000000000000000000000000000000000000000000
000000000000000000000000000000000000000000000000000000000000000000000000000000000000000000000000
000000000000000000000000000000100000000000000000000000000000000000000000000000000000000000000000
000000000000000000000000000000000000000000000000000000000000000000000000000000000000000000000000
000000000000000000000000000000100000000000000000000000000000000000000000000000000000000000000000
000000000000000000000000000000001000000000000000000000000000000000000000000000000000000000000000
000000000000000000000000000000000000000000000000100000000000000000000000000000000000000000000000
000000000000000000000000000000000000000000000000000000000000000000000000000000000000000000000000
000000000000000000000000000000000000000000000000000000000000000000100000000000000000000000000000
000000000000000000000000000000000000000000000000000000000000000000000000000000000000000000000000
000000000000000000000000000000000000000000000000000000000000000000110000000000000000000000000000
000000000000000000000000000000000000000000000000010000000000000000100000000000000000000000000000
000000000000000000000000000000000000000000000000100000000000000000100000000000000000000000000000
000000000000000000000000000000000000000000000000000000000000000001100000000000000000000000000000
000000000000000000000000000000000000000000000000000000000000000000100000000000000100000000000000
000000000000000000000000000000000000000000000000000000000000000000111000000000000000000000000000
000000000000000000000000000000000010000000000000010000000000000000100000000000000000000000000000
000000000000000000000000000000001000000000000000100000000000000000100000000000000000000000000000
000000000000000000000000000000000000000000000000000000000000000011100000000000000000000000000000
000000000000000000000000000000000000000000000000000000000000000000100000000000000100000000100000
000000000000000000000000000000000000000000000000000000000000000000111100000000000000000000000000
000000000000000000100000000000000010000000000000010000000000000000100000000000000000000000000000
000000000000000000000000000000101000000000000000100000000000000000100000000000000000000000000000
000000000000000000000000000000000000000000000000000000000000000011100000000000100000000000000000
000000000000000000000000000000000000000000000000000000000000000000100000000000000100000000101000
000000000000000000000000000000000000000000000000000000000000000000011100000000000000000000000000
000000000000000000100000000000000010000000000000010000000000000000000000000000000000000000000000
000000000000000000000000000000101000000000000000100000000000000000000000000000000000000000000000
000000000000000000000000000000000000000000000000000000000000000011000000000000100000000000000000
000000000000000000000000000000000000000000000000000000000000000000000000000000000100000000100000
000000000000000000000000000000000000000000000000000000000000000000001100000000000000000000000000
000000000000000000100000000000000010000000000000000000000000000000000000000000000000000000000000
000000000000000000000000000000101000000000000000000000000000000000000000000000000000000000000000
000000000000000000000000000000000000000000000000000000000000000010000000000000100000000000000000
000000000000000000000000000000000000000000000000000000000000000000000000000000000000000000100000
000000000000000000000000000000000000000000000000000000000000000000000100000000000000000000000000
000000000000000000000000000000000000000000000000000100000000000000000000000000000000000000000000
000000000000000000000000000000000001000000000000000000000000000000000000000000000000000000000000
000000000000000000100000000000000000000000000000000000000000000000000000000000000000000000000000
000000000000000001000000000000000000000000000000000000000000000000000000000000000000000000000000
000000000000000010000000000000000000000000000000000000000000000000000000000000000000000000000000
000000000000000000000000000000100000000000000000000000000000000000000000000000000000000000000000
000000000000000000000000000000000000000000000010000000000000000000000000000000000000000000000000
000000000000000000000000000000000000000000000000000000000000010000000000000000000000000000000000
000000000000000000000000000000000000000000000000000000000000000000000000000000100000000000000000
000000000000000000000000000000000000000000000000000000000000000000000000000000010000000000000000
000000000000000000000000000000000000000000000000000000000000000000000000000000000000000001000000
000000000000000000000000000000000000000000000000000000000000000000100100100100100000000000000000
000000000000000000000000000000000000000000000000000000000000000000100100100100100000000000000000
000000000000000000000000000000000000000000000000000000000000000000100100100100100000000000000000
000000000000000000000000000000000000000000000000000000000000000000100100100100100000000000000000
000000000000000000000000000000000000000000000000000000000000000000100100100100100000000000000000
000000000000000000000000000000000000000000000000000000000000000000100100100100100000000000000000
000000000000000000000000000000000000000000000000000000000000000000100100100100100000000000000000
