100010000000010000000000000100000000000000000000000000000000000000000000000000000000000000000000
100001000000000100000000000000100000000000000000000000000000000000000000000000000000000000000000
110000010000000000100000000000000000000000000000000000000000000000000000000000000000000000000000
101000000100000000000100000000000000000000000000000000000000000000000000000000000000000000000000
100100000001000000000000100000000000000000000000000000000000000000000000000000000000000000000000
000100000001000000000000100000000000000000000000000000000000000000000000000000000000000000000000
000000000001000000000000100000000000000000000000000000000000000000000000000000000000000000000000
000000000000000000000000100000000000000000000000000000000000000000000000000000000000000000000000
000000000000000000000000100000000000000001000000000000000000000000000000000000000000000000000000
000000000000000000000000100000000000000001000000000000000100000000000000000000000000000000000000
000000000000000000000000100000000000000001000000000000000100000000000000000100000000000000000000
000000000000000000000000010000000000000000100000000000000010000000000000000010000000000000000000
000000000000000000000000001000000000000000010000000000000001000000000000000001000000000000000000
000000000000000000000000000100000000000000001000000000000000100000000000000000100000000000000000
000000000000000000000000000010000000000000000100000000000000010010000000000000000000000000000000
000000000000000000000000000001000000000000000011000000000000000001000000000000000000000000000000
000000000000000000000000000000101000000000000000100000000000000000100000000000000000000000000000
000000000000000010000000000000000100000000000000010000000000000000010000000000000000000000000000
000000000000000001000000000000000010000000000000001000000000000000001000000000000000000000000000
000000000000000000100000000000000001000000000000000100000000000000000100000000000000000000000000
000000000000000000010000000000000000100000000000000010000000000000000010000000000000000000000000
000000000000000000001000000000000000010000000000000001000000000000000001000000000000000000000000
000000000000000000000100000000000000001000000000000000100000000000000000100000000000000000000000
000000000000000000000010000000000000000100000000000000010000000000000000010000000000000000000000
000000000000000000000001000000000000000010000000000000001000000000000000001000000000000000000000
000000000000000000000001000000000000000010000000000000001000000000000000001000000000000000000000
