110001010000000111100000000000100000000000000000000000000000000000000000000000000000000000000000
100011000000010100000000000111100000000000000000000000000000000000000000000000000000000000000000
100110000001010000000000111100000000000000000000000000000000000000000000000000000000000000000000
101100000101000000000111100000000000000000000000000000000000000000000000000000000000000000000000
111000010100000000111100000000000000000000000000000000000000000000000000000000000000000000000000
000000100000000000000000000000000000000000000000000000000000000000000000000000000000000000000000
000000000000001000000000000000000000000000000000000000000000000000000000000000000000000000000000
000000000000100000000000000000000000000000000000000000000000000000000000000000000000000000000000
000000000010000000000000000000000000000000000000000000000000000000000000000000000000000000000000
000000001000000000000000000000000000000000000000000000000000000000000000000000000000000000000000
111000010100000000111100000000000000000000000000000000000000000000000000000000000000000000000000
000000010000000000000000000000000000000000000000000000000000000000000000000000000000000000000000
010000000000000000000000000000000000000000000000000000000000000000000000000000000000000000000000
100000000000000000000000000000000000000000000000000000000000000000000000000000000000000000000000
000010000000000000000000000000000000000000000000000000000000000000000000000000000000000000000000
000000000000010000000000000000000000000000000000000000000000000000000000000000000000000000000000
000000000000000000000000000100000000000000000000000000000000000000000000000000000000000000000000
000000000000000000000000000000000000000000010000000000000000000000000000000000000000000000000000
000000000000000000000000000000000000000000000000000000000010000000000000000000000000000000000000
000000000000000000000000000000000000000000000000000000000000000000000000000100000000000000000000
000000000000000000000000000000000000000000000000000000000000000000000000001000000000000000000000
000000000000000000000000000000000000000000000000000000000000000000000000010000000000000000000000
000000000000000000000000000000000000000000000000000000000000000000000000100000000000000000000000
000000000000000000000000000000000000000000000000000000100000000000000000000000000000000000000000
000000000000000000000000000000000000001000000000000000000000000000000000000000000000000000000000
000000000000000000000100000000000000000000000000000000000000000000000000000000000000000000000000
000000000100000000000000000000000000000000000000000000000000000000000000000000000000000000000000
001000000000000000000000000000000000000000000000000000000000000000000000000000000000000000000000
000100000000000000000000000000000000000000000000000000000000000000000000000000000000000000000000
000000000000100000000000000000000000000000000000000000000000000000000000000000000000000000000000
000000000000000000000000001000000000000000000000000000000000000000000000000000000000000000000000
000000000000000000000000000000000000000000100000000000000000000000000000000000000000000000000000
000000000000000000000000000000000000000000000000000000000100000000000000000000000000000000000000
000000000000000000000000000000000000000000000000000000001000000000000000000000000000000000000000
000000000000000000000000000000000000000000000000000000010000000000000000000000000000000000000000
000000000000000000000000000000000000000100000000000000000000000000000000000000000000000000000000
000000000000000000000010000000000000000000000000000000000000000000000000000000000000000000000000
000000000010000000000000000000000000000000000000000000000000000000000000000000000000000000000000
000100000000000000000000000000000000000000000000000000000000000000000000000000000000000000000000
000000000000100000000000000000000000000000000000000000000000000000000000000000000000000000000000
000000000000000000000000010000000000000000000000000000000000000000000000000000000000000000000000
000000000000000000000000010000000000000001000000000000000000000000000000000000000000000000000000
000000000000000000000000010000000000000011000000000000000000000000000000000000000000000000000000
000000000000000000000001010000000000000011000000000000000000000000000000000000000000000000000000
000000000001000000000001010000000000000011000000000000000000000000000000000000000000000000000000
