000000000000000000000000000000000000000000000000000000000000000000000000000000000010000000110000
000000000000000000000000000000000000000000000000000000000000000000000000000000000011000000010000
000000000000000000000000000000000000000000000000000000000000000000001000000000000011000000000000
000000000000000000000000000000000000000000000000000000000000000000001100000000000001000000000000
000000000000000000000000000000000000000000000000000100000000000000001100000000000000000000000000
000000000000000000000000000000000000000000000000001100000000000000001000000000000000000000000000
000000000000000000000000000000000011000000000000001000000000000000000000000000000000000000000000
000000000000000000000000000000000010000000000000011000000000000000000000000000000000000000000000
000000000000000000000000000000000110000000000000010000000000000000000000000000000000000000000000
000000000000000000000000000000000100000000000000110000000000000000000000000000000000000000000000
000000000000000000000000000000001100000000000000100000000000000000000000000000000000000000000000
000000000000000000000000000000001000000000000001100000000000000000000000000000000000000000000000
000000000000000000000000000000001000000000000011000000000000000000000000000000000000000000000000
000000000000000000000000000000000000000000000011000000000000010000000000000000000000000000000000
000000000000000000000000000000000000000000000110000000000000010000000000000000000000000000000000
000000000000000000000000000000000000000000000100000000000000110000000000000000000000000000000000
000000000000000000000000000000000000000000001100000000000000100000000000000000000000000000000000
000000000000000000000000000000000000000000001000000000000001100000000000000000000000000000000000
000000000000000000000000000000000000000000011000000000000001000000000000000000000000000000000000
000000000000000000000000001100000000000000010000000000000000000000000000000000000000000000000000
000000000000000000000000001000000000000000110000000000000000000000000000000000000000000000000000
000000000000000000000000011000000000000000100000000000000000000000000000000000000000000000000000
000000000000000000000000010000000000000001100000000000000000000000000000000000000000000000000000
000000000000000000000000110000000000000001000000000000000000000000000000000000000000000000000000
000000000000000000000000100000000000000011000000000000000000000000000000000000000000000000000000
000000000000000000000001100000000000000010000000000000000000000000000000000000000000000000000000
000000000000000000000001000000000000000110000000000000000000000000000000000000000000000000000000
000000000000000000000011000000000000000100000000000000000000000000000000000000000000000000000000
000000000000000000000010000000000000001100000000000000000000000000000000000000000000000000000000
000000000000000000000110000000000000001000000000000000000000000000000000000000000000000000000000
000000000000000000000100000000000000011000000000000000000000000000000000000000000000000000000000
000000000000000000001100000000000000010000000000000000000000000000000000000000000000000000000000
000000000000000000011000000000000000100000000000000000000000000000000000000000000000000000000000
