111111000000000000000000000000000000000000000000000000000000000000000000000000000000000000000000
000000010101010100000000000000000000000000000000000000000000000000000000000000000000000000000000
000000000000000000100100100100100000000000000000000000000000000000000000000000000000000000000000
000000000000000000000000000000001011011011011010000000000000000000000000000000000000000000000000
000000000000000000000000000000000000000000000001001001001001000000000000000000000000000000000000
000000000000000000000000000000000000000000000000000000000000000011011011011011000000000000000000
000000000000000000000000000000000000000000000000000000000000000000000000000000001010101010000000
000000000000000000000000000000000000000000000000000000000000000000000000000000000000000001111100
000000000000000000000000000000000000000000000000000000000000000000000000000000001010101010000000
000000000000000000000000000000000000000000000000000000000000000011011011011011000000000000000000
000000000000000000000000000000000000000000000001001001001001000000000000000000000000000000000000
000000000000000000000000000000001011011011011010000000000000000000000000000000000000000000000000
000000000000000000100100100100100000000000000000000000000000000000000000000000000000000000000000
000000010101010100000000000000000000000000000000000000000000000000000000000000000000000000000000
111111000000000000000000000000000000000000000000000000000000000000000000000000000000000000000000
