100100100001000000000000100000000100000000000000000000001000000000100000000000000100001000100000
001000000010000000000000000000000000000100000000000000000000000000000000100000000000010000001000
101100000100000000000100000000000000000000000000000001000000000000000000000000000000100000000000
000010001010000000000100000000000000100000000000000000000000000000000100000000000001000000010000
110001010001000000100010000000000000001000000000001000000000000000000000000000000010000000000000
010001000000100100000001000000100000000100000001000000100000000000000000000000001000000000000000
100000000000011000000000100000000000000010000100000000010000000000000000100000110000000001000000
000010000000011000000000010100000000000001000000000000001001000000000000010000000000010010000000
100000000000100100000000001000000000000000100000000000000100000000000000001100000000001100001100
000100100001000000000000100100000000000000010000000000001010000000000000000100000000001100000100
100000010010000000000000000010000000000100001000000000000001000000000000100010000000010011001000
001000001100000000000100000001000000000000000100000001000000100000000000000001010000100000100000
100000001000000000000000000000100000100000000010000000000000010000000100000000101001000000010000
010000010000000010100000000000001000000000000001001000000000000010000000000000000110000000000000
100001000000000101000000000000100100000000000001100000000000000001000000000000001010000000000000
000000000000001000100000000000000010000000000100010000000000000000100000000000110001000001000000
100010000000010000010000000100000001000000000000001000000001000000010000000000000000100010000000
000000000000100000001000000000000000100000100000000100000000000000001000000100000000000100000100
