000000000000000000000000000000000000000010000000000010000000000000000000000000000000000000000000
000000000000000000000000000000000000000001000000000100000000000000000000000000000000000000000000
000000000000000000000000000000000000000000100000001000000000000000000000000000000000000000000000
000000000000000000000000000000000000000000010000010000000000000000000000000000000000000000000000
000000000000000000000000000000000000000000001000100000000000000000000000000000000000000000000000
000000000000000000000000000000000000000000000101000000000000000000000000000000000000000000000000
000000000000000000000000000000000000000000000010000000000000010000000000000000000000000000000000
000000000000000000000000000000001000000000000000000000000000100000000000000000000000000000000000
000000000000000000000000000000000100000000000000000000000001000000000000000000000000000000000000
000000000000000000000000000000000010000000000000000000000010000000000000000000000000000000000000
000000000000000000000000000000000001000000000000000000000100000000000000000000000000000000000000
000000000000000000000000000000000000100000000000000000001000000000000000000000000000000000000000
000000000000000000000000000000000000010000000000000000010000000000000000000000000000000000000000
000000000000000000000000000000000000001000000000000000100000000000000000000000000000000000000000
000000000000000000000000000000000000000100000000000001000000000000000000000000000000000000000000
000000000000000000000000000000000000000010000000000010000000000000000000000000000000000000000000
000000000000000000000000000000000000000001000000000100000000000000000000000000000000000000000000
000000000000000000000000000000000000000000100000001000000000000000000000000000000000000000000000
000000000000000000000000000000000000000000010000010000000000000000000000000000000000000000000000
000000000000000000000000000000000000000000001000100000000000000000000000000000000000000000000000
000000000000000000000000000000000000000000000100100000000000000000000000000000000000000000000000
000000000000000000000000000000000000000000000011000000000000000000000000000000000000000000000000
000000000000000000000000000000001000000000000000000000000000010000000000000000000000000000000000
000000000000000000000000000000000100000000000000000000000000100000000000000000000000000000000000
000000000000000000000000000000000010000000000000000000000001000000000000000000000000000000000000
000000000000000000000000000000000001000000000000000000000010000000000000000000000000000000000000
000000000000000000000000000000000000100000000000000000000100000000000000000000000000000000000000
000000000000000000000000000000000000010000000000000000001000000000000000000000000000000000000000
000000000000000000000000000000000000001000000000000000010000000000000000000000000000000000000000
000000000000000000000000000000000000000100000000000000100000000000000000000000000000000000000000
000000000000000000000000000000000000000100000000000000100000000000000000000000000000000000000000
000000000000000000000000000000000000000100000000000000100000000000000000000000000000000000000000
000000000000000000000000000000000000000100000000000000100000000000000000000000000000000000000000
000000000000000000000000000000000000000000000000000000000000000000000000000000000000000000000000
000000000000000000000000000000000000000000000000000000000000000000000000000000000000000000000000
