001000000000000000000000000000000100000000000000000000000000000000000000000000000000000000000000
000000000010000000000000000000000000000000000000100000000000000000000000000000000000000000000000
000000000000000000000001000000000000000000000000000000000000000001000000000000000000000000000000
000000000000000000000000000000000000000010000000000000000000000000000000000000001000000000000000
000000000000000000000000000000000000000000000000000000001000000000000000000000000000000001000000
000000000000000000000000000000000000000000000000000000000000000000000000001000000000000000000100
000000000000000000000000000000000000000000000000000000000000000000000000000000000000001100000000
000000000000000000000000000000000000000000000000000000000000000000000000010000000000000010000000
000000000000000000000000000000000000000000000000000000010000000000000000000000010000000000000000
000000000000000000000000000000000000000100000000000000000000000010000000000000000000000000000000
000000000000000000000010000000000000000000000001000000000000000000000000000000000000000000000000
000000000100000000000000000000001000000000000000000000000000000000000000000000000000000000000000
000000110000000000000000000000000000000000000000000000000000000000000000000000000000000000000000
010000000000000001000000000000000000000000000000000000000000000000000000000000000000000000000000
001000000000000000000000000000000100000000000000000000000000000000000000000000000000000000000000
