101100100101001000000100100000000100000000000100000001001000000000100000000000110100101001100000
100110101001010000000000100100000100100000000000000000001001000000100100000000000101001010110000
100100100001000000000000100000000100000000000000000000001000000000100000000000000100001000100000
101000000100001000000100000000000000000000000100000001000000000000000000000000110000100001000000
110000010000100000100000000000000000000000100000001000000000000000000000000100000010000100000100
100001000010000100000000000000100000000100000001000000000000000000000000100000001000010000001000
100010001000010000000000000100000000100000000000000000000001000000000100000000000001000010010000
100000000000000000100100100100100000000000000000000000000000000000100100100100100000000000000000
000000000000000000100100100100101011011011011010110110110110110000100100100100100000000000000000
101000000100001000000100000000000000000000000100000001000000000000000000000000110000100001000000
000000000000000000000111100000000000010001000000000001111000000000000000000000000000000000000000
000000000000000000000011110000000000001000100000000000111100000000000000000000000000000000000000
000000000000000000000001111000000000000100010000000000011110000000000000000000000000000000000000
000000000000000000000000111100000000000010001000000000001111000000000000000000000000000000000000
000000000000000000000000011110000000000001000100000000000111100000000000000000000000000000000000
000000000000000000000000001111000000000000100010000000000011110000000000000000000000000000000000
000000000000000000000000000111101000000000010001000000000001110000000000000000000000000000000000
101000000100001000000100000000000000000000000100000001000000000000000000000000110000100001000000
000000000000000000000000000000001111111111111111111111111111110000000000000000000000000000000000
000000111111111100000000000000000000000000000000000000000000000000000000000000011111111110000000
000000000000000000000000111100000000000010001000000000010000100000000000100000110000010001001000
101001000100000100000100000000101000010000000000100010000000000000111100000000000000000000000000
000000000000000011100000000000100001000000000010000100000000010000000100000000110001000001010000
101010000100010000000100000100000000001000010000000000100010000000000000111100000000000000000000
111111111111111111111111111111101111111111111111111111111111110011111111111111111111111111111100
000000000000000011111111111111101111111111111111111111111111110000000000000000000000000000000000
111111100111001110000011000001101000000110000111000000111000010011000001110000111000111011111100
111111111111111111111111111111101111111111111111111111111111110011111111111111111111111111111100
111111111111111111011011011011000100100100100100000000000000000000000000000000000000000000000000
111111111111111111111111111111101111111111111111111111111111110011111111111111111111111111111100
000000000000000000100100100100101011011011011010110110110110110000100100100100100000000000000000
101100000010000000100111100100101011011011011010110110110110110000100100100100100000000000000000
111110100010001100100111100100101011011011011010110110110110110000100100100100100000000000000000
011111000000000000000000000000000000000000000000000000000000000000000000000000000000000000000000
000000000000010000000000001010000000000000011000000000000000000000000000000000000000000000000000
000000000000000110000000000001001000000000000010000000000000000000000000000000000000000000000000
000000000001000011111111111111100000000010000000000000000000000000000000000000000000000000000000
000000000010000011111111111111100000000100000000000000000000000000000000000000000000000000000000
000000000100000011111111111111100000001000000000000000000000000000000000000000000000000000000000
000000000100000011111111111111100000010000000000000000000000000000000000000000000000000000000000
000000001000000011111111111111100000100000000000000000000000000000000000000000000000000000000000
000000010000000011111111111111100001000000000000000000000000000000000000000000000000000000000000
000000010000000011111111111111100010000000000000000000000000000000000000000000000000000000000000
000000100000000011111111111111100100000000000000000000000000000000000000000000000000000000000000
000000000000000111111111111111101000000000000000000000000000000000000000000000000000000000000000
000000000000000111111111111111100000000000000010000000000000000000000000000000000000000000000000
000000000000001011111111111111100000000000000100000000000000000000000000000000000000000000000000
000000000000011011111111111111100000000000001000000000000000000000000000000000000000000000000000
000000000000011011111111111111100000000000010000000000000000000000000000000000000000000000000000
000000000000101011111111111111100000000000100000000000000000000000000000000000000000000000000000
000000000001001011111111111111100000000001000000000000000000000000000000000000000000000000000000
000000000001001011111111111111100000000010000000000000000000000000000000000000000000000000000000
000000000010001011111111111111100000000100000000000000000000000000000000000000000000000000000000
000000000100001011111111111111100000001000000000000000000000000000000000000000000000000000000000
000000000100001011111111111111100000010000000000000000000000000000000000000000000000000000000000
000000001000001011111111111111100000100000000000000000000000000000000000000000000000000000000000
