000000111111111100000000000000000000000000000000000000000000000000000000000000011111111110000000
000000000000000011111111111111100000000000000000000000000000000011111111111111100000000000000000
000000000000000000000000000000001111111111111111111111111111110000000000000000000000000000000000
000000000000000011111111111111100000000000000000000000000000000011111111111111100000000000000000
000000111111111100000000000000000000000000000000000000000000000000000000000000011111111110000000
000000000000000010001111000011100100100010001000100010010000100011000011100000100000000000000000
000000101110011101010000100100000011000001010000010100001001000000100100010001011101110000000000
011111010011100000100000011000000011000000100000001000000110000000111000001010000110001011111000
000000111111111100000000000000000000000000000000000000000000000000000000000000011111111110000000
000000111111111100000000000000000000000000000000000000000000000000000000000000011111111110000000
000000111111111100000000000000000000000000000000000000000000000000000000000000011111111110000000
000000111111111100000000000000000000000000000000000000000000000000000000000000011111111110000000
