100100000000000000000000000000000000000000000000000000000000000000000000000000000000000000000000
000001000010000000000000000000000000000000000000000000000000000000000000000000000000000000000000
000000000000000100000010000000000000000000000000000000000000000000000000000000000000000000000000
000000000000000000000000000000100000001000000000000000000000000000000000000000000000000000000000
000000000000000000000000000000001000000000000000000001000000000000000000000000000000000000000000
000000000000000000000000000000000000000000000000100000000000000000000010000000000000000000000000
000000000000000000000000000000000000000000000000000000000000000000100000000000000001000000000000
000000000000000000000000000000000000000000000000000000000000000000010000000000000010000000000000
000000000000000000000000000000000000000000000000000000000000000000001000000000000100000000000000
000000000000000000000000000000000000000000000000000000000000000001000100000000000000000000000000
000000000000000000000000000000000000000000000001000010000000000000000000000000000000000000000000
000000000000000000000000000000000000010000000010000000000000000000000000000000000000000000000000
000000000000000000000100000001000000000000000000000000000000000000000000000000000000000000000000
000000000100001000000000000000000000000000000000000000000000000000000000000000000000000000000000
001010000000000000000000000000000000000000000000000000000000000000000000000000000000000000000000
