100000000000000000000000100000000000000000000000000000000000000000000000000000000000000000000000
000001000000000000000000000000000000000010000000000000000000000000000000000000000000000000000000
000000000000000100000000000000000000000000000000000000010000000000000000000000000000000000000000
000000000000000000000000000000100000000000000000000000000000000000000000100000000000000000000000
000000000000000000000000000000001000000000000000000000000000000000000000000000000000010000000000
000000000000000000000000000000000000000000000000100000000000000000000000000000000000000000001000
000000000000000000000000000000000000000000000000000000000000000000100000000000000000000000000000
000000000000000000000000000000000000000000000000000000000000000000010000000000000000000001000000
000000000000000000000000000000000000000000000000000000000000000000001000000000010000000000000000
000000000000000000000000000000000000000000000000000000000000000000000100000000100000000000000000
000000000000000000000000000000000000000000000000000010000000100000000000000000000000000000000000
000000000000000000000000000000000000010000001000000000000000000000000000000000000000000000000000
000000000000000000000100000100000000000000000000000000000000000000000000000000000000000000000000
000000000100000000000000001000000000000000000000000000000000000000000000000000000000000000000000
001000000000000000000000010000000000000000000000000000000000000000000000000000000000000000000000
000000000000000000000000000000000000000000000000000000000000000000000000000000000000000000000000
