111111000000000000000000000000000000000000000000000000000000000000000000000000000000000000000000
111111111111111111111111111111100000000000000000000000000000000000000000000000000000000000000000
000000111111111111111111111111101111111111111110000000000000000000000000000000000000000000000000
000000000000000011111111111111101111111111111111111111111111110000000000000000000000000000000000
000000000000000000000000000000001111111111111111111111111111110011111111111111100000000000000000
000000000000000000000000000000000000000000000001111111111111110011111111111111111111111110000000
000000000000000000000000000000000000000000000000000000000000000011111111111111111111111111111100
000000000000000000000000000000000000000000000000000000000000000000000000000000011111111111111100
000000000000000000000000000000000000000000000000000000000000000000000000000000000000000001111100
000000000000000000000000000000000000000000000000000000000000000000000000000000011111111111111100
000000000000000000000000000000000000000000000000000000000000000011111111111111111111111111111100
000000000000000000000000000000000000000000000001111111111111110011111111111111111111111110000000
000000000000000000000000000000001111111111111111111111111111110011111111111111100000000000000000
000000000000000011111111111111101111111111111111111111111111110000000000000000000000000000000000
000000111111111111111111111111101111111111111110000000000000000000000000000000000000000000000000
011111111111111111111111111111100000000000000000000000000000000000000000000000000000000000000000
111111111111111100000000000000000000000000000000000000000000000000000000000000000000000000000000
111111000000000000000000000000000000000000000000000000000000000000000000000000000000000000000000
100000000000000000000000000000000000000000000000000000000000000000000000000000000000000000000000
000000000000000000000000000000000000000000000000000000000000000000000000000000000000000000000000
