100000000000000000100100100100100000000000000000000000000000000000100100100100100000000000000000
111111111111111111111111111111101111111111111111111111111111110011111111111111111111111111111100
000000000000000000000000000000000000000000000000000000000000000000000000000000000000000000000000
100000000000000000100100100100100000000000000001111111111111110000100100100100100000000000000000
000000000000000000000000000000000000000000000000000000000000000000000000000000000000000000000000
100000000000000000100100100100101111111111111110000000000000000000100100100100100000000000000000
000000000000000000000000000000000000000000000000000000000000000000000000000000000000000000000000
100000000000000000100100100100100000000000000000000000000000000000100100100100111111111110000000
000000000000000000000000000000000000000000000000000000000000000000000000000000000000000000000000
100000111111111100100100100100100000000000000000000000000000000000100100100100100000000000000000
000000000000000000000000000000000000000000000000000000000000000000000000000000000000000000000000
100000000000000000100100100100100000000000000000000000000000000000100100100100100000000001111100
000000000000000000000000000000000000000000000000000000000000000000000000000000000000000000000000
111111000000000000100100100100100000000000000000000000000000000000100100100100100000000000000000
000000000000000000000000000000000000000000000000000000000000000000000000000000000000000000000000
