000000000100000000000000000000000000100010000000000000000000000000000000000000000000000000000000
000000000010000000010000000000000000000001000000000000000000000000000000000000000000000000000000
000000010001000000000000000000000000000000100000000000000000000000000000000000000000000000000000
000000100000000000000000010000000000000000010000000000000000000000000000000000000000000000000000
000000000000000000000000000000000000000000101000000000000000000000000000000000000000000000000000
000000000000000000000000000001000000000000000100000000000010000000000000000000000000000000000000
000000000000000000000000000000000000000000000110000000000000000000000000000010000000000000000000
000000000000000000000000000000001000000000000000000000000000100000000000000000000000000010000000
000000000000000000000000000000000100000000000000000000000000000000000000000001000000000001000000
000000000000000000000000000000000010000000000000000000000000000000000000000000000000000010100000
000000000000000000000000000000000001000000000000000000000000000000000000000000000010000000000100
000000000000000000000000000000000000100000000000000000000000000000001000000000000000000000001000
000000000000000000000000000000000000010000000000000100000000000000000000000000000000100000000000
000000000000000000000000000000000000101000000000000000000000000000000010000000000000000000000000
000000000000000000001000000000000000000100000000000010000000000000000000000000000000000000000000
000000000100000000000000000000000000100010000000000000000000000000000000000000000000000000000000
000000000010000000010000000000000000000001000000000000000000000000000000000000000000000000000000
000000010001000000000000000000000000000000100000000000000000000000000000000000000000000000000000
000000100000000000000000010000000000000000010000000000000000000000000000000000000000000000000000
000000000000000100000000000000000000001000101000000000000000000000000000000000000000000000000000
000000000000000000000000000001000000000100000100000000000010000000000000000000000000000000000000
000000000000000000000000000000000000000010000110000000000000000000000000000010000000000000000000
000000000000000000000000000000001000000001000000000000000000100000000000000000000000000010000000
000000000000000000000000000000000100000000100000000000000000000000000000000001000000000001000000
000000000000000000000000000000000010000000010000000000000000000000000000000000000000000010100000
000000000000000000000000000000000001000000001000000000000000000000000000000000000010000000000100
000000000000000000000000000000000000100000000100000000000000000000001000000000000000000000001000
000000000000000000000000000000000000010000000010000100000000000000000000000000000000100000000000
000000000000000000000000000000001000101000000000000000000000000000000010000000000000000000000000
000000000000000000001000000000000100000100000000000010000000000000000000000000000000000000000000
000000000000000000000000000000000010000010000000000000000000000000000000000000000000000000000000
000000000000000000000000000000000001000000000000000000001000000000000000000000000000000000000000
000000000000000110000000000001001000100000000010000000000000000000000000001000000000000000000000
000001100000001001000000000010000100010000000101100000000000010000000000000000000000000100000000
110010010000010000100000000100000010000000001000010000000000100011100000000000100000000010000000
001100001000100000010000001000000001000000010000001000000001000000010000000001011100000000000000
000000000111000000001000010000000000100000100000000100000010000010001000000010000010000011100000
000000000100000000001111100000000000011001000001000010000100000000000100000100000001000100010100
001000001010000000010001000000001000101110000000000011101000000000000010001000000000101000001000
110100010001000010100000100000000001000010000000000100110000000000000111110000000000010000000000
000011100000100001000000010000000010000001000000001000001000000000001000010000000001110000000000
010000000000011110000000001000000100000000100000010000000100000000010000001000000010001000011000
001000000000000000000000000111101000000000010000100000000010000000100000000100000100000100100100
000000000010000000000000000000000000000000001111000000000001000001000000000010001000000011000000
000000000000000000000001000000000000000000000000000000000000110010000000000001010000000000000000
