110011010000011001100000000110100110000000001001110000000000110011100000000000100000000000000000
110010110000010101100000000101101110000000001101010000000000110011100000000000100000000000000000
110010010000010011100000000100100010000000001010010000000000110011100000000000100000000000000000
110010110000010101100000000101101110000000001101010000000000110011100000000000100000000000000000
001100101000110111010000000100101101000000001000001000000000100011110000000000100000000000000000
000000000000000000000000000111101000000000010000100000000010110010100000000101110100000100100100
000000000000000000000000000111101000000000011110100000000010110011100000000101111100000101100100
000000000000000000000000000111101000000000000001100000000011110000100000000100000100000100100100
000000000000000000000000000000000000000000000000000000000000000000000000000000000000000000000000
000000000000000000000000000111101000000000010000100000000010110010100000000101110100000100100100
000000000000000000000000000111101000000000010000100000000010110010100000000101110100000100100100
000000000000000000000000000111101000000000011110100000000010000000100000000100101100000111100100
000000000000000111000000000111001010000000000001101000000011110001000000000100000100000100100100
000000000000000111000000000111001010000000011110101000000010000011000000000111000100000100100100
000000000000000000000000000111101000000000010000100000000010110010100000000101110100000100100100
000000000000000000000000000111101000000000010000100000000010110010100000000101110100000100100100
000000000000000111000000000111100010000000001001101000000011010000010000000100001100000101100100
000000000000000111000000000111001010000000001011101000000011010011000000000100000100000100100100
000000000000000111000000000111001010000000001011101000000011010011000000000100000100000100100100
000000000000000111000000000111001010000000001011101000000011010011000000000100000100000100100100
000000000000000111000000000111001010000000001011101000000011010011000000000100000100000100100100
