011111111111111100000000000000000000000000000000000000000000000000000000000000000000000000000000
000000000000000000000000000000000000000000000000000000000000000000000000000000000000000000000000
100000000000000000000000000000000000000000000000000000000000000000000000000000000000000000000000
000000000000000000000000000000000000000000000000000000000000000000000000000000000000000000000000
000000000000000000000000000000000000000000000000000000000000000000000000000000000000000001111100
000000000000000000000000000000000000000000000000000000000000000000000000000000000000000000000000
100000000000000000000000000000000000000000000000000000000000000000000000000000000000000000000000
011111111111111100000000000000000000000000000000000000000000000000000000000000000000000000000000
000000000000000000000000000000000000000000000000000000000000000000000000000000000000000000000000
011111111111111100000000000000000000000000000000000000000000000000000000000000000000000000000000
100000000000000000000000000000000000000000000000000000000000000000000000000000000000000000000000
000000000000000000000000000000000000000000000000000000000000000000000000000000000000000000000000
000000000000000000000000000000000000000000000000000000000000000000000000000000000000000001111100
000000000000000000000000000000000000000000000000000000000000000000000000000000000000000000000000
100000000000000000000000000000000000000000000000000000000000000000000000000000000000000000000000
000000000000000000000000000000000000000000000000000000000000000000000000000000000000000000000000
011111111111111100000000000000000000000000000000000000000000000000000000000000000000000000000000
000000000000000000000000000000000000000000000000000000000000000000000000000000000000000000000000
100000000000000000000000000000000000000000000000000000000000000000000000000000000000000000000000
000000000000000000000000000000000000000000000000000000000000000000000000000000000000000000000000
000000000000000000000000000000000000000000000000000000000000000000000000000000000000000001111100
000000000000000000000000000000000000000000000000000000000000000000000000000000000000000000000000
100000000000000000000000000000000000000000000000000000000000000000000000000000000000000000000000
011111111111111100000000000000000000000000000000000000000000000000000000000000000000000000000000
011111111111111100000000000000000000000000000000000000000000000000000000000000000000000000000000
000000000000000000000000000000000000001000000000000001100000000000000011100000000000000000000000
000000000000000000000000000000000000000001000000000000001100000000000000011100000000000000000000
000000000000000000000000000000000000000000001000000000000001100000000000000011100000000000000000
000000000000000000000000000000001000000000000001100000000000000011100000000000000000000000000000
000000000000000000000000000000000001000000000000001100000000000000011100000000000000000000000000
000000000000000000000000000000000000001000000000000001100000000000000011100000000000000000000000
000000000000000000000000000000000000001000000000000001100000000000000011100000000000000000000000
000000000000000000000000000000000001000000000000001100000000000000011100000000000000000000000000
000000000000000000000000000000000000001000000000000001100000000000000011100000000000000000000000
000000000000000000000000000000000000000000001000000000000001100000000000000011100000000000000000
000000000000000000000000000000001000000000000001100000000000000011100000000000000000000000000000
000000000000000000000000000000001000000000000001100000000000000011100000000000000000000000000000
000000000000000000000111100000000000010001000000000001111000000000000000000000000000000000000000
000000000000000000000011110000000000001000100000000000111100000000000000000000000000000000000000
000000000000000000000001111000000000000100010000000000011110000000000000000000000000000000000000
000000000000000000000000111100000000000010001000000000001111000000000000000000000000000000000000
000000000000000000000000011110000000000001000100000000000111100000000000000000000000000000000000
000000000000000000000000001111000000000000100010000000000011110000000000000000000000000000000000
000000000000000000000000000111101000000000010001000000000001110000000000000000000000000000000000
000000000000000010000000000011100100000000001001100000000000110000000000000000000000000000000000
000000000000000011000000000001100010000000000101110000000000010000000000000000000000000000000000
000000000000000011100000000000100001000000000011111000000000000000000000000000000000000000000000
000000000000000011110000000000001000100000000000111100000000000000000000000000000000000000000000
000000000000000001111000000000000100010000000000011110000000000000000000000000000000000000000000
000000000000000000111100000000000010001000000000001111000000000000000000000000000000000000000000
000000000000000000011110000000000001000100000000000111100000000000000000000000000000000000000000
000000000000000000001111000000000000100010000000000011110000000000000000000000000000000000000000
000000000000000000000111100000000000010001000000000001111000000000000000000000000000000000000000
000000000000000000000011110000000000001000100000000000111100000000000000000000000000000000000000
000000000000000000000001111000000000000100010000000000011110000000000000000000000000000000000000
000000000000000000000011110000000000001000100000000000111100000000000000000000000000000000000000
000000000000000000000111100000000000010001000000000001111000000000000000000000000000000000000000
000000000000000000001111000000000000100010000000000011110000000000000000000000000000000000000000
000000000000000000011110000000000001000100000000000111100000000000000000000000000000000000000000
000000000000000000111100000000000010001000000000001111000000000000000000000000000000000000000000
000000000000000001111000000000000100010000000000011110000000000000000000000000000000000000000000
000000000000000011110000000000001000100000000000111100000000000000000000000000000000000000000000
000000000000000011100000000000100001000000000011111000000000000000000000000000000000000000000000
000000000000000011000000000001100010000000000101110000000000010000000000000000000000000000000000
000000000000000010000000000011100100000000001001100000000000110000000000000000000000000000000000
000000000000000000000000000111101000000000010001000000000001110000000000000000000000000000000000
000000000000000000000000001111000000000000100010000000000011110000000000000000000000000000000000
000000000000000000000000011110000000000001000100000000000111100000000000000000000000000000000000
111111000000000000000000000000000000000000000000000000000000000000000000000000000000000000000000
111111111111111111111111111111100000000000000000000000000000000000000000000000000000000000000000
000000111111111111111111111111101111111111111110000000000000000000000000000000000000000000000000
000000000000000011111111111111101111111111111111111111111111110000000000000000000000000000000000
000000000000000000000000000000001111111111111111111111111111110011111111111111100000000000000000
000000000000000000000000000000000000000000000001111111111111110011111111111111111111111110000000
000000000000000000000000000000000000000000000000000000000000000011111111111111111111111111111100
000000000000000000000000000000000000000000000000000000000000000000000000000000011111111111111100
000000000000000000000000000000000000000000000000000000000000000000000000000000000000000001111100
000000000000000000000000000000000000000000000000000000000000000000000000000000011111111111111100
000000000000000000000000000000000000000000000000000000000000000011111111111111111111111111111100
000000000000000000000000000000000000000000000001111111111111110011111111111111111111111110000000
000000000000000000000000000000001111111111111111111111111111110011111111111111100000000000000000
000000000000000011111111111111101111111111111111111111111111110000000000000000000000000000000000
000000111111111111111111111111101111111111111110000000000000000000000000000000000000000000000000
011111111111111111111111111111100000000000000000000000000000000000000000000000000000000000000000
111111111111111100000000000000000000000000000000000000000000000000000000000000000000000000000000
111111000000000000000000000000000000000000000000000000000000000000000000000000000000000000000000
100000000000000000000000000000000000000000000000000000000000000000000000000000000000000000000000
000000000000000000000000000000000000000000000000000000000000000000000000000000000000000000000000
000000000000000000000000000000000000000000000000000000000000000000000000000000000000000000000000
000000000000000000000000000000000000000000000000000000000000000000000000000000000000000000000000
