000000000000000000000000000000000000000000000000000000000000000000000000000000000000000000010000
000000000000000000000000000000000000000000000000000000000000000000000000000000000001000000010000
000000000000000000000000000000000000000000000000000000000000000000000000000000000001000000000000
000000000000000000000000000000000000000000000000000000000000000000000100000000000001000000000000
000000000000000000000000000000000000100000000000000000000000000000000100000000000000000000000000
000000000000000000000000000000000000100000000000000110000000000000000000000000000000000000000000
000000001000000000000000000000000000100000000000000000000000000000000000000000000000000000000000
000000001000000000011000000000000000000000000000000000000000000000000000000000000000000000000000
100000001000000000000000000000000000000000000000000000000000000000000000000000000000000000000000
111000000000000000000000000000000000000000000000000000000000000000000000000000000000000000000000
111111000000000000000000000000000000000000000000000000000000000000000000000000000000000000000000
100000000000000000000000000000000000000000000000000000000000000000000000000000000000000000000000
111111000000000000000000000000000000000000000000000000000000000000000000000000000000000000000000
111111010101010100000000000000000000000000000000000000000000000000000000000000000000000000000000
111111101010101000000000000000000000000000000000000000000000000000000000000000000000000000000000
111111111111111100000000000000000000000000000000000000000000000000000000000000000000000000000000
111111111111111111011011011011000000000000000000000000000000000000000000000000000000000000000000
111111111111111100100100100100100000000000000000000000000000000000000000000000000000000000000000
111111111111111111111111111111100000000000000000000000000000000000000000000000000000000000000000
111111111111111100100100100100100000000000000000000000000000000000000000000000000000000000000000
111111111111111111111111111111101101101101101100000000000000000000000000000000000000000000000000
111111111111111111111111111111100010010010010010000000000000000000000000000000000000000000000000
111111111111111111111111111111101101101101101100100100100100100000000000000000000000000000000000
111111111111111111111111111111101101101101101100100100100100100000000000000000000000000000000000
111111111111111100100100100100100000000000000000000000000000000000000000000000000000000000000000
111111111111111111111111111111101101101101101100100100100100100000000000000000000000000000000000
111111111111111111111111111111101101101101101100100100100100100000000000000000000000000000000000
100000111111111111111111111111101101101101101100100100100100100000000000000000000000000001111100
100000000000000011111111111111101101101101101100100100100100100000000000000000010101010101111100
100000000000000011111111111111101101101101101100100100100100100000000000000000001010101011111100
100000000000000010010010010010001101101101101101111111111111110000000000000000011111111111111100
100000000000000010010010010010001101101101101101111111111111110001101101101101111111111111111100
100000000000000010010010010010001101101101101101111111111111110011111111111111111111111111111100
100000000000000010010010010010001101101101101101111111111111110011111111111111111111111111111100
