111111111111111111011011011011000100100100100100000000000000000000000000000000000000000000000000
000000000000000000000000000000000100100100100100000000000000000000000000000000000000000000000000
000000000000000000000000000000000010010010010010000000000000000000000000000000000000000000000000
000000000000000000000000000000001001001001001000000000000000000000000000000000000000000000000000
000000000000000000000000000000000100100100100100000000000000000000000000000000000000000000000000
000000000000000000000000000000000010010010010010000000000000000000000000000000000000000000000000
000000000000000000000000000000001001001001001000000000000000000000000000000000000000000000000000
000000000000000000000000000000000100100100100100000000000000000000000000000000000000000000000000
000000000000000000000000000000000000000000000000010010010010010000000000000000000000000000000000
000000000000000000000000000000000000000000000001000001001001000000000000000000000000000000000000
000000000000000000000000000000000000000000000000100100100100100000000000000000000000000000000000
000000000000000000000000000000000000000000000000010010010010010000000000000000000000000000000000
000000000000000000000000000000000000000000000001001001001001000000000000000000000000000000000000
000000000000000000000000000000000000000000000000100100100100100000000000000000000000000000000000
000000000000000000000000000000000000000000000000010010010010010000000000000000000000000000000000
000000000000000000000000000000001001001001001000000000000000000000000000000000000000000000000000
000000000000000000000000000000000100100100100100000000000000000000000000000000000000000000000000
000000000000000000000000000000000010010010010010000000000000000000000000000000000000000000000000
000000000000000000000000000000001001001001001000000000000000000000000000000000000000000000000000
000000000000000000000000000000000100100100100100000000000000000000000000000000000000000000000000
000000000000000000000000000000000000000000000000100100100100100000000000000000000000000000000000
000000000000000000000000000000000000000000000000000000000000000000100100100100100000000000000000
000000000000000000000000000000000000000000000000000000000000000000000000000000010101010100000000
000000000000000000000000000000000000000000000000000000000000000000000000000000010101010101111100
000000000000000000000000000000000000000000000000000000000000000000000000000000000000000001111100
000000000000000000000000000000000000000000000000000000000000000000000000000000010101010100000000
000000000000000000000000000000000000000000000000000000000000000000100100100100100000000000000000
000000000000000000000000000000000000000000000000100100100100100000000000000000000000000000000000
000000000000000000000000000000000100100100100100000000000000000000000000000000000000000000000000
000000000000000000000000000000000000000010000000000010000000000000000000000000000000000000000000
000000000000000000000000000000000000000001000000000100000000000000000000000000000000000000000000
000000000000000000000000000000000000000000100000001000000000000000000000000000000000000000000000
000000000000000000000000000000000000000000010000010000000000000000000000000000000000000000000000
000000000000000000000000000000000000000000001000100000000000000000000000000000000000000000000000
000000000000000000000000000000000000000000000101000000000000000000000000000000000000000000000000
000000000000000000000000000000000000000000000010000000000000010000000000000000000000000000000000
000000000000000000000000000000001000000000000000000000000000100000000000000000000000000000000000
000000000000000000000000000000000100000000000000000000000001000000000000000000000000000000000000
000000000000000000000000000000000010000000000000000000000010000000000000000000000000000000000000
000000000000000000000000000000000001000000000000000000000100000000000000000000000000000000000000
000000000000000000000000000000000000100000000000000000001000000000000000000000000000000000000000
000000000000000000000000000000000000010000000000000000010000000000000000000000000000000000000000
000000000000000000000000000000000000001000000000000000100000000000000000000000000000000000000000
000000000000000000000000000000000000000100000000000001000000000000000000000000000000000000000000
000000000000000000000000000000000000000010000000000010000000000000000000000000000000000000000000
000000000000000000000000000000000000000001000000000100000000000000000000000000000000000000000000
000000000000000000000000000000000000000000100000001000000000000000000000000000000000000000000000
000000000000000000000000000000000000000000010000010000000000000000000000000000000000000000000000
000000000000000000000000000000000000000000001000100000000000000000000000000000000000000000000000
000000000000000000000000000000000000000000000100100000000000000000000000000000000000000000000000
000000000000000000000000000000000000000000000011000000000000000000000000000000000000000000000000
000000000000000000000000000000001000000000000000000000000000010000000000000000000000000000000000
000000000000000000000000000000000100000000000000000000000000100000000000000000000000000000000000
000000000000000000000000000000000010000000000000000000000001000000000000000000000000000000000000
000000000000000000000000000000000001000000000000000000000010000000000000000000000000000000000000
000000000000000000000000000000000000100000000000000000000100000000000000000000000000000000000000
000000000000000000000000000000000000010000000000000000001000000000000000000000000000000000000000
000000000000000000000000000000000000001000000000000000010000000000000000000000000000000000000000
000000000000000000000000000000000000000100000000000000100000000000000000000000000000000000000000
000000000000011000000000000010000000000000000000000000000000000000000000000000000000000000000000
000000000000001100000000000001000000000000000000000000000000000000000000000000000000000000000000
000000100000000110000000000000000000000000000000000000000000000000000000000000000000000000000000
000000110000000001000000000000000000000000000000000000000000000000000000000000000000000000000000
000000011000000000010000000000000000000000000000000000000000000000000000000000000000000000000000
000000001100000000001000000000000000000000000000000000000000000000000000000000000000000000000000
000000000110000000000010000000000000000000000000000000000000000000000000000000000000000000000000
000000000011000000000001000000000000000000000000000000000000000000000000000000000000000000000000
000000000001100000000000010000000000000000000000000000000000000000000000000000000000000000000000
000000000000110000000000001000000000000000000000000000000000000000000000000000000000000000000000
000000000000111000000000001000000000000000000000000000000000000000000000000000000000000000000000
100000000000000000100100100100100000000000000000000000000000000000100100100100100000000000000000
000000000000000000000000000000000000000000000000000000000000000000000000000000000000000000000000
100000000000000000100100100100100000000000000001111111111111110000100100100100100000000000000000
000000000000000000000000000000000000000000000000000000000000000000000000000000000000000000000000
100000000000000000100100100100101111111111111110000000000000000000100100100100100000000000000000
000000000000000000000000000000000000000000000000000000000000000000000000000000000000000000000000
100000000000000000100100100100100000000000000000000000000000000000100100100100111111111110000000
000000000000000000000000000000000000000000000000000000000000000000000000000000000000000000000000
100000111111111100100100100100100000000000000000000000000000000000100100100100100000000000000000
000000000000000000000000000000000000000000000000000000000000000000000000000000000000000000000000
100000000000000000100100100100100000000000000000000000000000000000100100100100100000000001111100
000000000000000000000000000000000000000000000000000000000000000000000000000000000000000000000000
111111000000000000100100100100100000000000000000000000000000000000100100100100100000000000000000
000000000000000000000000000000000000000000000000000000000000000000000000000000000000000000000000
000000000000000000000000000000000000000000000000000000000000000000000000000000000000000000000000
000000000000000000000000000000000000000000000000000000000000000000000000000000000000000000000000
