111111000000000000000000000000001111111111111110000000000000000000000000000000000000000001111100
111111010101010100100100100100100000000000000000000000000000000000000000000000000000000000000000
000000000000000000000000000000000000000000000001111111111111110000100100010000110101001011111100
000000000000000000000000000000000000000000000000000000000000000000000000000000000000000000000000
111111000000000000000000000000001111111111111110000000000000000000000000000000000000000001111100
111111010101010100100100100100100000000000000000000000000000000000000000000000000000000000000000
111111010101010100100100100100100000000000000000000000000000000000000000000000000000000000000000
100000000000000000000000000000000000000000000000000000000000000000000000000000000000000000000000
011111000000000000000000000000000000000000000000000000000000000000000000000000000000000001111100
000000101010101100000000000000000000000000000000000000000000000000000000000000011101010100000000
000000000000000001010010101010100000000000000000000000000000000010101001010101000000000000000000
000000000000000000000000000000001010010101010101010100101010100000000000000000000000000000000000
000000000000000001001010101010100000000000000000000000000000000010100101010101000000000000000000
000000101010101000000000000000000000000000000000000000000000000000000000000000010101010100000000
011111000000000000000000000000000000000000000000000000000000000000000000000000000000000001111100
100000000000000000000000000000000000000000000000000000000000000000000000000000000000000000000000
011111000000000000000000000000000000000000000000000000000000000000000000000000000000000001111100
000000111111111100000000000000000000000000000000000000000000000000000000000000011111111110000000
000000000000000011111111111111100000000000000000000000000000000011111111111111100000000000000000
000000000000000000000000000000001111111111111111111111111111110000000000000000000000000000000000
000000000000000000000000000000000000000000000000000000000000000000000000000000000000000000000000
000000000000000000000000000000001111111111111111111111111111110000000000000000000000000000000000
000000000000000011111111111111100000000000000000000000000000000011111111111111100000000000000000
000000111111111100000000000000000000000000000000000000000000000000000000000000011111111110000000
011111000000000000000000000000000000000000000000000000000000000000000000000000000000000001111100
100000000000000000000000000000000000000000000000000000000000000000000000000000000000000000000000
111111000000000000000000000000000000000000000000000000000000000000000000000000000000000000000000
111111111111111100000000000000000000000000000000000000000000000000000000000000000000000000000000
111111111111111111111111111111100000000000000000000000000000000000000000000000000000000000000000
111111111111111111111111111111100011000001100000000000000000000000000000000000000000000000000000
111111111111111111111111111111100011000001100000001000000100000000011000001100000000000000000000
111111111111111111111111111111100011000001100000001000000100000011111111111111100000000000000000
111111111111111111111111111111100011000001100000001000000100000011111111111111111111111110000000
111111111111111111111111111111101111111111111111111111111111110011111111111111111111111111111100
000000000000000000000000000000000000000000000000000000000000000000000000000000000000000000000000
111111111111111111111111111111101111111111111111111111111111110011111111111111111111111111111100
110010010000010000100000000100100010000000001000010000000000100011100000000000100000000000000000
100101000001000100000000100100100000000001000010000000000100010000000000000111100000000000000000
101010000100010000000100100100000000001000010000000000100010000000000000111100000000000000000000
110100010001000000100100100000000001000010000000000100010000000000000111100000000000000000000000
101001000100000100100100000000101000010000000000100010000000000000111100000000000000000000000000
110010010000010000100000000100100010000000001000010000000000100011100000000000100000000000000000
100101000001000100000000100100100000000001000010000000000100010000000000000111100000000000000000
101010000100010000000100100100000000001000010000000000100010000000000000111100000000000000000000
110100010001000000100100100000000001000010000000000100010000000000000111100000000000000000000000
101001000100000100100100000000101000010000000000100010000000000000111100000000000000000000000000
110010010000010000100000000100100010000000001000010000000000100011100000000000100000000000000000
100101000001000100000000100100100000000001000010000000000100010000000000000111100000000000000000
101010000100010000000100100100000000001000010000000000100010000000000000111100000000000000000000
110100010001000000100100100000000001000010000000000100010000000000000111100000000000000000000000
101001000100000100100100000000101000010000000000100010000000000000111100000000000000000000000000
000000000000000000000000000000000000000000000000000000000000000000000000000000000000000000010000
000000000000000000000000000000000000000000000000000000000000000000000000000000000001000000010000
000000000000000000000000000000000000000000000000000000000000000000000000000000000001000000000000
000000000000000000000000000000000000000000000000000000000000000000000100000000000001000000000000
000000000000000000000000000000000000100000000000000000000000000000000100000000000000000000000000
000000000000000000000000000000000000100000000000000110000000000000000000000000000000000000000000
000000001000000000000000000000000000100000000000000000000000000000000000000000000000000000000000
000000001000000000011000000000000000000000000000000000000000000000000000000000000000000000000000
100000001000000000000000000000000000000000000000000000000000000000000000000000000000000000000000
111000000000000000000000000000000000000000000000000000000000000000000000000000000000000000000000
111111000000000000000000000000000000000000000000000000000000000000000000000000000000000000000000
100000000000000000000000000000000000000000000000000000000000000000000000000000000000000000000000
111111000000000000000000000000000000000000000000000000000000000000000000000000000000000000000000
111111010101010100000000000000000000000000000000000000000000000000000000000000000000000000000000
111111101010101000000000000000000000000000000000000000000000000000000000000000000000000000000000
111111111111111100000000000000000000000000000000000000000000000000000000000000000000000000000000
111111111111111111011011011011000000000000000000000000000000000000000000000000000000000000000000
111111111111111100100100100100100000000000000000000000000000000000000000000000000000000000000000
111111111111111111111111111111100000000000000000000000000000000000000000000000000000000000000000
111111111111111100100100100100100000000000000000000000000000000000000000000000000000000000000000
111111111111111111111111111111101101101101101100000000000000000000000000000000000000000000000000
111111111111111111111111111111100010010010010010000000000000000000000000000000000000000000000000
111111111111111111111111111111101101101101101100100100100100100000000000000000000000000000000000
111111111111111111111111111111101101101101101100100100100100100000000000000000000000000000000000
111111111111111100100100100100100000000000000000000000000000000000000000000000000000000000000000
111111111111111111111111111111101101101101101100100100100100100000000000000000000000000000000000
111111111111111111111111111111101101101101101100100100100100100000000000000000000000000000000000
100000111111111111111111111111101101101101101100100100100100100000000000000000000000000001111100
100000000000000011111111111111101101101101101100100100100100100000000000000000010101010101111100
100000000000000011111111111111101101101101101100100100100100100000000000000000001010101011111100
100000000000000010010010010010001101101101101101111111111111110000000000000000011111111111111100
100000000000000010010010010010001101101101101101111111111111110001101101101101111111111111111100
100000000000000010010010010010001101101101101101111111111111110011111111111111111111111111111100
100000000000000010010010010010001101101101101101111111111111110011111111111111111111111111111100
000000000000000000000000000000000000000000000000000000000000000000000000000000000000000000000000
000000000000000000000000000000000000000000000000000000000000000000000000000000000000000000000000
