000000000000000000000000000000001111111111111110000000000000000000000000000000000000000000000000
111111010101010100100100100100101011011011011010110110110110110000100100100100110101010101111100
000000000000000000000000000000000000000000000000000000000000000000000000000000001010101011111100
000000000000000000000000000000000000000000000001001001001001000011011011011011001010101010000000
000000000000000011011011011011001011011011011011001001001001000011011011011011000000000000000000
000000010101010110010010010010001001001001001000000000000000000000000000000000000000000000000000
000000000000000010110110110110101001001001001000000000000000000000000000000000000000000000000000
000000010101010100100100100100101001001001001000000000000000000000000000000000000000000000000000
000000111111111100100100100100100000000000000000000000000000000000000000000000000000000000000000
011111111111111100000000000000000000000000000000000000000000000000000000000000000000000000000000
111111000000000000000000000000000000000000000000000000000000000000000000000000000000000000000000
100000101010101000100100100100100100100100100101001001001001000000100100100100101010101011111100
000000111111111100000000000000000000000000000000000000000000000000000000000000011111111110000000
000000000000000011111111111111100000000000000000000000000000000011111111111111100000000000000000
000000000000000000000000000000001111111111111111111111111111110000000000000000000000000000000000
000000000000000011111111111111100000000000000000000000000000000011111111111111100000000000000000
000000111111111100000000000000000000000000000000000000000000000000000000000000011111111110000000
000000000000000010001111000011100100100010001000100010010000100011000011100000100000000000000000
000000101110011101010000100100000011000001010000010100001001000000100100010001011101110000000000
011111010011100000100000011000000011000000100000001000000110000000111000001010000110001011111000
000000111111111100000000000000000000000000000000000000000000000000000000000000011111111110000000
000000111111111100000000000000000000000000000000000000000000000000000000000000011111111110000000
000000111111111100000000000000000000000000000000000000000000000000000000000000011111111110000000
000000111111111100000000000000000000000000000000000000000000000000000000000000011111111110000000
111111111111111111011011011011000100100100100100000000000000000000000000000000000000000000000000
000000000000000000000000000000000100100100100100000000000000000000000000000000000000000000000000
000000000000000000000000000000000010010010010010000000000000000000000000000000000000000000000000
000000000000000000000000000000001001001001001000000000000000000000000000000000000000000000000000
000000000000000000000000000000000100100100100100000000000000000000000000000000000000000000000000
000000000000000000000000000000000010010010010010000000000000000000000000000000000000000000000000
000000000000000000000000000000001001001001001000000000000000000000000000000000000000000000000000
000000000000000000000000000000000100100100100100000000000000000000000000000000000000000000000000
000000000000000000000000000000000010010010010010000000000000000000000000000000000000000000000000
000000000000000000000000000000001001001001001000000000000000000000000000000000000000000000000000
000000000000000000000000000000000100100100100100000000000000000000000000000000000000000000000000
000000000000000000000000000000000010010010010010000000000000000000000000000000000000000000000000
000000000000000000000000000000001001001001001000000000000000000000000000000000000000000000000000
000000000000000000000000000000000100100100100100000000000000000000000000000000000000000000000000
000000000000000000000000000000000010010010010010000000000000000000000000000000000000000000000000
000000000000000000000000000000001001001001001000000000000000000000000000000000000000000000000000
000000000000000000000000000000000100100100100100000000000000000000000000000000000000000000000000
000000000000000000000000000000000010010010010010000000000000000000000000000000000000000000000000
000000000000000000000000000000001001001001001000000000000000000000000000000000000000000000000000
000000000000000000000000000000000100100100100100000000000000000000000000000000000000000000000000
000000000000000000000000000000000000000000000000100100100100100000000000000000000000000000000000
000000000000000000000000000000000000000000000000000000000000000000100100100100100000000000000000
000000000000000000000000000000000000000000000000000000000000000000000000000000010101010100000000
000000000000000000000000000000000000000000000000000000000000000000000000000000010101010101111100
000000000000000000000000000000000000000000000000000000000000000000000000000000000000000001111100
000000000000000000000000000000000000000000000000000000000000000000000000000000010101010100000000
000000000000000000000000000000000000000000000000000000000000000000100100100100100000000000000000
000000000000000000000000000000000000000000000000100100100100100000000000000000000000000000000000
000000000000000000000000000000000100100100100100000000000000000000000000000000000000000000000000
100000000000000000100100100100100000000000000000000000000000000000100100100100100000000000000000
100000000000000000000000000000001111111111111111111111111111110000000000000000000000000000000000
100000000000000000100100100100100000000000000000000000000000000000100100100100100000000000000000
100000000000000000000000000000001111111111111111111111111111110000000000000000000000000000000000
111111000000000000000000000000000000000000000000000000000000000000000000000000000000000001111100
100000000000000000100100100100100000000000000000000000000000000000100100100100100000000000000000
111111000000000000000000000000000000000000000000000000000000000000100000000000000000000001111100
100000000000000000100100100100100000000000000000000000000000000000100100100100100000000000000000
111111000000000000000000000000000000000000000000000000000000000000000000000000000000000001111100
100000000000000000100100100100100000000000000000000000000000000000100100100100100000000000000000
000000000000000000000000000000001111111111111111111111111111110000000000000000000000000000000000
111111000000000000000000000000001111111111111111111111111111110000000000000000000000000001111100
111111000000000000000000000000000000000000000000000000000000000000000000000000000000000001111100
111111010101010111111111111111101011011011011010110110110110110011111111111111110101010101111100
111111000000000000000000000000001111111111111111111111111111110000000000000000000000000001111100
100000000000000000100100100100100000000000000000000000000000000000100100100100100000000000000000
000000000000000000000000000000000000000000000000000000000000000000000000000000000000000000000000
100000000000000000100100100100100000000000000001111111111111110000100100100100100000000000000000
000000000000000000000000000000000000000000000000000000000000000000000000000000000000000000000000
100000000000000000100100100100101111111111111110000000000000000000100100100100100000000000000000
000000000000000000000000000000000000000000000000000000000000000000000000000000000000000000000000
100000000000000000100100100100100000000000000000000000000000000000100100100100111111111110000000
000000000000000000000000000000000000000000000000000000000000000000000000000000000000000000000000
100000111111111100100100100100100000000000000000000000000000000000100100100100100000000000000000
000000000000000000000000000000000000000000000000000000000000000000000000000000000000000000000000
100000000000000000100100100100100000000000000000000000000000000000100100100100100000000001111100
000000000000000000000000000000000000000000000000000000000000000000000000000000000000000000000000
111111000000000000100100100100100000000000000000000000000000000000100100100100100000000000000000
000000000000000000000000000000000000000000000000000000000000000000000000000000000000000000000000
000000000000000000000000000000000000000000000000000000000000000000000000000000000000000000000000
000000000000000000000000000000000000000000000000000000000000000000000000000000000000000000000000
