000000001010011110100000101000000110000001100000010000000100000000110000001100001010001010011000
011000110010000110010001000001001000100010000101000010001000100010000010001001010000100110001100
011100101010100010010001001000001001000010010001001000001001000010010000001001011100000110000000
110010010000010000100000000100000010000000001001111111111111110011100000000000100000000000000000
101010000100010000000111100100000000011001010000000010100110000000000100111100000001000100010100
110010010000010000100000000100000010000000001001111111111111110011100000000000100000000000000000
000000000000000000000000000000000000001110000001111111001111110000000010001000000000101000001000
110010010000010011111111111111100010000000001000010000000000100011100000000000100000000000000000
110010010000010000100000000100000010000000001001111111111111110011100000000000100000000000000000
000000000000000000000000000000000000000000000000000000000000000000000000000000000000000000000000
