000000000001110000000001111110000000000110001100000000110000110010000001100000111000110001111000
101111000110001100000110000001101000011000000011100011000000000001111110000000000111000000000000
000000011100000001111110000000000110001100000000110000110000000001100000110000001100011001101100
111101100011000110000001100000101000000011000011000000001100010010000000001111110000000110000000
000000110000000111110000000001100001100000000110000110000000110000000110000001110001100011011100
101111000110001100000110000001101000011000000011100011000000000001111110000000000111000000000000
000000000000000011111111111111101111111111111110000000000000000000000000000000000000000000000000
111100011011000000110001100000000001100110000000000111110000000000000111100000000000000000000000
000000000000011110000000001111101100000000110000110000000110000000110000001100000110001100111100
001100001111100000011000011000000001100000110000001100000011000000011000000011011110000011100000
