100000000000000000000000000000000000000000000000000000000000000000000000000000000000000000000000
111111000000000000000000000000000000000000000000000000000000000000000000000000000000000000000000
011111010101010100000000000000000000000000000000000000000000000000000000000000000000000000000000
000000010101010100100100100100100000000000000000000000000000000000000000000000000000000000000000
000000000000000000100100100100101011011011011010000000000000000000000000000000000000000000000000
000000000000000000000000000000001011011011011010110110110110110000000000000000000000000000000000
000000000000000000000000000000000000000000000000110110110110110000100100100100100000000000000000
000000000000000000000000000000000000000000000000000000000000000000100100100100110101010100000000
000000000000000000000000000000000000000000000000000000000000000000000000000000010101010101111100
000000000000000000000000000000000000000000000000000000000000000000000000000000000000000001111100
000000000000000000000000000000000000000000000000000000000000000000000000000000010101010101111100
000000000000000000000000000000000000000000000000000000000000000000100100100100110101010100000000
000000000000000000000000000000000000000000000000110110110110110000100100100100100000000000000000
000000000000000000000000000000001011011011011010110110110110110000000000000000000000000000000000
000000000000000000100100100100101011011011011010000000000000000000000000000000000000000000000000
000000010101010100100100100100100000000000000000000000000000000000000000000000000000000000000000
011111010101010100000000000000000000000000000000000000000000000000000000000000000000000000000000
011111000000000000000000000000000000000000000000000000000000000000000000000000000000000000000000
100000000000000000000000000000000000000000000000000000000000000000000000000000000000000000000000
