100000000000000000000000000000000000000000000000000000000000000000000000000000000000000000000000
111111000000000000000000000000000000000000000000000000000000000000000000000000000000000000000000
011111010101010100000000000000000000000000000000000000000000000000000000000000000000000000000000
000000010101010100100100100100100000000000000000000000000000000000000000000000000000000000000000
000000000000000000100100100100101011011011011010000000000000000000000000000000000000000000000000
000000000000000000000000000000001011011011011010110110110110110000000000000000000000000000000000
000000000000000000000000000000000000000000000000110110110110110000100100100100100000000000000000
000000000000000000000000000000000000000000000000000000000000000000100100100100110101010100000000
000000000000000000000000000000000000000000000000000000000000000000000000000000010101010101111100
000000000000000000000000000000000000000000000000000000000000000000000000000000000000000001111100
000000000000000000000000000000000000000000000000000000000000000000000000000000010101010101111100
000000000000000000000000000000000000000000000000000000000000000000100100100100110101010100000000
000000000000000000000000000000000000000000000000110110110110110000100100100100100000000000000000
000000000000000000000000000000001011011011011010110110110110110000000000000000000000000000000000
000000000000000000100100100100101011011011011010000000000000000000000000000000000000000000000000
000000010101010100100100100100100000000000000000000000000000000000000000000000000000000000000000
011111010101010100000000000000000000000000000000000000000000000000000000000000000000000000000000
011111000000000000000000000000000000000000000000000000000000000000000000000000000000000000000000
100000000000000000000000000000000000000000000000000000000000000000000000000000000000000000000000
000000000001110000000001111110000000000110001100000000110000110010000001100000111000110001111000
101111000110001100000110000001101000011000000011100011000000000001111110000000000111000000000000
000000011100000001111110000000000110001100000000110000110000000001100000110000001100011001101100
111101100011000110000001100000101000000011000011000000001100010010000000001111110000000110000000
000000110000000111110000000001100001100000000110000110000000110000000110000001110001100011011100
101111000110001100000110000001101000011000000011100011000000000001111110000000000111000000000000
000000000000000011111111111111101111111111111110000000000000000000000000000000000000000000000000
111100011011000000110001100000000001100110000000000111110000000000000111100000000000000000000000
000000000000011110000000001111101100000000110000110000000110000000110000001100000110001100111100
001100001111100000011000011000000001100000110000001100000011000000011000000011011110000011100000
110011010000011001100000000110100110000000001001110000000000110011100000000000100000000000000000
110010110000010101100000000101101110000000001101010000000000110011100000000000100000000000000000
110010010000010011100000000100100010000000001010010000000000110011100000000000100000000000000000
110010110000010101100000000101101110000000001101010000000000110011100000000000100000000000000000
001100101000110111010000000100101101000000001000001000000000100011110000000000100000000000000000
000000000000000000000000000111101000000000010000100000000010110010100000000101110100000100100100
000000000000000000000000000111101000000000011110100000000010110011100000000101111100000101100100
000000000000000000000000000111101000000000000001100000000011110000100000000100000100000100100100
000000000000000000000000000000000000000000000000000000000000000000000000000000000000000000000000
000000000000000000000000000111101000000000010000100000000010110010100000000101110100000100100100
000000000000000000000000000111101000000000010000100000000010110010100000000101110100000100100100
000000000000000000000000000111101000000000011110100000000010000000100000000100101100000111100100
000000000000000111000000000111001010000000000001101000000011110001000000000100000100000100100100
000000000000000111000000000111001010000000011110101000000010000011000000000111000100000100100100
000000000000000000000000000111101000000000010000100000000010110010100000000101110100000100100100
000000000000000000000000000111101000000000010000100000000010110010100000000101110100000100100100
000000000000000111000000000111100010000000001001101000000011010000010000000100001100000101100100
000000000000000111000000000111001010000000001011101000000011010011000000000100000100000100100100
000000000000000111000000000111001010000000001011101000000011010011000000000100000100000100100100
000000000000000111000000000111001010000000001011101000000011010011000000000100000100000100100100
000000000000000111000000000111001010000000001011101000000011010011000000000100000100000100100100
000000000000000000000000000000000000000000000000000000000000000000000000000000000000000000000000
000000000000000000000000000000000000000000000000000000000000000000000000000000000000000000000000
