000000000000000000001000000000000000000000000000000000000000000000000000000000000000000000000000
000000000000000000001000000000000000000000000000000000000100000000000000000000000000000000000000
000000000000000000001000000000000000000000000000000000000100000000000000000000001000000000000000
000000000000000000001000000000100000000000000000000000000100000000000000000000001000000000000000
100000000000000000001000000000100000000000000000000000000100000000000000000000001000000000000000
100000000000000000001000000000100000000000000000000000100100000000000000000000001000000000000000
100000000000000000001000000000100000000000000000000000100100000000000000000000001000000000000100
100000000000000000001000000000100000000000001000000000100100000000000000000000001000000000000100
100000000000000000001000000000100000000000001000100000100100000000000000000000001000000000000100
100000000000000000001000000000100001000000001000100000100100000000000000000000001000000000000100
100000001000000000001000000000100001000000001000100000100100000000000000000000001000000000000100
100000001000000000001000000000100001000100001000100000100100000000000000000000001000000000000100
100000001000000000001000000000100001000101001000100000100100000000000000000000001000000000000100
100000001000000000001000000000100001000101001000100000100100000000000000000000001000000000010100
100000001000000000001000000001100001000101001000100000100100000000000000000000001000000000010100
100000001000000001001000000001100001000101001000100000100100000000000000000000001000000000010100
100000001001000001001000000001100001000101001000100000100100000000000000000000001000000000010100
100000001001000001001000000001100001000101001000100000100100000000000000000000001000001000010100
100000001001000001001000000001100001000101001000100000100100100000000000000000001000001000010100
100000001001000001001000000001100001000101001000100000100100100000010000000000001000001000010100
100000001001001001001000000001100001000101001000100000100100100000010000000000001000001000010100
100000001001001001001000000001100001000101001000100000100100100000010100000000001000001000010100
100000001001001001001010000001100001000101001000100000100100100000010100000000001000001000010100
100000001001001001001010010001100001000101001000100000100100100000010100000000001000001000010100
100000001001001001001010010001100001000101001000100000100100100000010100000000011000001000010100
100000001001001001001010010001100001000101011000100000100100100000010100000000011000001000010100
100000101001001001001010010001100001000101011000100000100100100000010100000000011000001000010100
100000101001001001001010010001100001000101011000100000100100100000010101000000011000001000010100
100000101001001001001010110001100001000101011000100000100100100000010101000000011000001000010100
100000101001001001001010110001100001000101011000100000100100100000010101000001011000001000010100
100000101001001011001010110001100001000101011000100000100100100000010101000001011000001000010100
100001101001001011001010110001100001000101011000100000100100100000010101000001011000001000010100
100001101001001011001010110001100001001101011000100000100100100000010101000001011000001000010100
100001101001001011001010110001100001001101111000100000100100100000010101000001011000001000010100
100001101001001011001010110001100001001101111000100000100100100000010101000001011000001000110100
100001101001001011001010110001100001001101111010100000100100100000010101000001011000001000110100
101001101001001011001010110001100001001101111010100000100100100000010101000001011000001000110100
101001101001001011001010110001100001001101111010100000100100100000010111000001011000001000110100
101001101001001011001010110001100001001101111010100000100100100000010111000101011000001000110100
101001101001001011001010110001101001001101111010100000100100100000010111000101011000001000110100
101001101001001011001010110001101001101101111010100000100100100000010111000101011000001000110100
101001101001001011001010110001101001101111111010100000100100100000010111000101011000001000110100
101001101001001011001010110001101001101111111010100000100100100000010111000101011000001000111100
101001101001001011001010110001101001101111111010100000100100100000010111000101011000001000111100
101001101001001011001010110001101001101111111010100000100100110000010111000101011000001000111100
101001101001001011001010110001101001101111111010100100100100110000010111000101011000001000111100
111001101001001011001010110001101001101111111010100100100100110000010111000101011000001000111100
111001101001001011001010110001101001101111111010100100100100110000010111010101011000001000111100
111001101001001011001010111001101001101111111010100100100100110000010111010101011000001000111100
111001101001001011001010111001101001101111111010100100100100110000010111010101011000001001111100
111001101001001011001010111001101001101111111010101100100100110000010111010101011000001001111100
111011101001001011001010111001101001101111111010101100100100110000010111010101011000001001111100
111011101001001011001010111001101001101111111010101101100100110000010111010101011000001001111100
111011101001001011001010111001101001101111111010101101100110110000010111010101011000001001111100
111011101001001011001010111001101001101111111010101101100110110000010111010101011000001011111100
111011101001001011101010111001101001101111111010101101100110110000010111010101011000001011111100
111011101011001011101010111001101001101111111010101101100110110000010111010101011000001011111100
111011101011001011101010111001101001101111111010101101100110110000010111010101011000011011111100
111011101011001011101010111001101001101111111010101101100111110000010111010101011000011011111100
111011101011001011101010111001101101101111111010101101100111110000010111010101011000011011111100
111011101111001011101010111001101101101111111010101101100111110000010111010101011000011011111100
111011101111001011101010111001101101101111111010101101101111110000010111010101011000011011111100
111011101111001011101010111001101101101111111010101101101111110000010111010111011000011011111100
111011101111001011101010111001101101101111111011101101101111110000010111010111011000011011111100
111011111111001011101010111001101101101111111011101101101111110000010111010111011000011011111100
111011111111001011101011111001101101101111111011101101101111110000010111010111011000011011111100
111011111111001011101011111001101101101111111011101101101111110000010111010111011000111011111100
111011111111001011101011111001101101101111111011101101101111110000010111010111111000111011111100
111011111111001111101011111001101101101111111011101101101111110000010111010111111000111011111100
111011111111001111111011111001101101101111111011101101101111110000010111010111111000111011111100
111011111111001111111011111001101101101111111011101101111111110000010111010111111000111011111100
111011111111001111111011111001101101101111111011101101111111110000010111010111111000111111111100
111011111111001111111011111011101101101111111011101101111111110000010111010111111000111111111100
111111111111001111111011111011101101101111111011111101111111110000010111010111111000111111111100
111111111111001111111011111011101101111111111011111101111111110000010111010111111000111111111100
111111111111001111111011111111101101111111111011111101111111110000010111010111111000111111111100
111111111111001111111011111111101101111111111011111101111111110010010111010111111000111111111100
111111111111001111111011111111101111111111111011111101111111110010010111010111111000111111111100
111111111111001111111111111111101111111111111011111101111111110010010111010111111000111111111100
111111111111101111111111111111101111111111111011111101111111110010010111010111111000111111111100
111111111111101111111111111111101111111111111011111101111111110011010111010111111000111111111100
111111111111101111111111111111101111111111111011111101111111110011010111110111111000111111111100
111111111111111111111111111111101111111111111011111101111111110011010111110111111000111111111100
111111111111111111111111111111101111111111111011111101111111110011110111110111111000111111111100
111111111111111111111111111111101111111111111011111101111111110011110111110111111001111111111100
111111111111111111111111111111101111111111111111111101111111110011110111110111111001111111111100
111111111111111111111111111111101111111111111111111101111111110011110111110111111011111111111100
111111111111111111111111111111101111111111111111111111111111110011110111110111111011111111111100
111111111111111111111111111111101111111111111111111111111111110011111111110111111011111111111100
111111111111111111111111111111101111111111111111111111111111110011111111110111111111111111111100
