111111111111111111111111111111101111111111111111111111111111110011111111111111111111111111111100
000000000000000000000000000000001111111111111111111111111111110000000000000000000000000000000000
111111111111111111111111111111101111111111111111111111111111110011111111111111111111111111111100
010001011000001100011000000011000000110000001100000011000001100000000011000011000000111110001100
111111111111111111111111111111101111111111111111111111111111110011111111111111111111111111111100
111111111111111111111111111111100000000000000000000000000000000011111111111111111111111111111100
111111111111111111111111111111101111111111111111111111111111110011111111111111111111111111111100
011111000000000011111111111111100000000000000001111111111111110000000000000000011111111110000000
111111111111111111111111111111101111111111111111111111111111110011111111111111111111111111111100
100000111111111100000000000000001111111111111110000000000000000011111111111111100000000001111100
111111111111111111111111111111101111111111111111111111111111110011111111111111111111111111111100
110000011111011110101001010110000101010010101011010101101010100001010100101010110110001011011000
111111111111111111111111111111101111111111111111111111111111110011111111111111111111111111111100
111111111111111111111111111111101111111111111110000000000000000000000000000000000000000000000000
000000000000000000000000000000000000000000000001111111111111110011111111111111111111111111111100
001000001110000000011111100000000000111110000000000111111000000000000111110000000001111000011000
100111100001111110000000011111101000000001111111100000000111110011000000001111111000000110000100
011111000000000000100100100100101011011011011011001001001001000000000000000000010110011011101000
011111101010101001010101001010100111101010101010010101010101010010101010100101001000101010110100
000000000000000000000000000000000000000000000000000000000000000000000000000000000000000000000000
111111111111111111111111111111101111111111111111111111111111110011111111111111111111111111111100
000000000000000000000000000000000000000000000000000000000000000000000000000000000000000000000000
000000000000000000000000000000000000000000000000000000000000000000000000000000000000000000000000
000000000000000000000000000000000000000000000000000000000000000000000000000000000000000000000000
000000000000000000000000000000000000000000000000000000000000000000000000000000000000000000000000
000000000000000000000000000000000000000000011000000000000001100000000000000001110000000011000000
010001100000000000000000000000000000000000000000000000000000000000000000000000000000000000000000
010001110000000000000000000000000000000000000000000000000000000000000000000000000000000000000000
010001111000000000010000000000000000000000000000000000000000000000000000000000000000000000000000
010001111000000000011000000000000000100000000000000000000000000000000000000000000000000000000000
010001111000000000011000000000000000110000000000000010000000000000000000000000000000000000000000
010001111000000000011000000000000000110000000000000011000000000000000010000000000000000000000000
010000011000000000011000000000000000110000000000000011000000000000000010000000000000000000000000
000000001000000000011000000000000000110000000000000011000000000000000010000000000000000000000000
000000000000000000001000000000000000110000000000000011000000000000000010000000000000000000000000
000000000000000000000000000000000000010000000000000011000000000000000010000000000000000000000000
000000000000000000000000000000000000000000000000000011000000000000000010000000000000000000000000
000000000000000000000000000000000000000000000000000111000000000000000110000000000000000000000000
000000000000000000000000000000000000000000000000001111000000000000001110000000000000000000000000
000000000000000000000000000000000000000000000000011111000000000000011110000000000000000000000000
000000000000000000000000000000000000000000000000011111000000000001111110000000001100000000100000
000000000000000000000000000000000000000000000000011111000000000001111110000000011100000011100000
000000000000000000000000000000000000000000000000011110000000000001111100000000011100000011100000
000000000000000000000000000000000000000000000000011100000000000001111000000000011100000011100000
000000000000000000000000000000000000000000000000011000000000000001110000000000011100000011100000
000000000000000000000000000000000000000000000000000000000000000001100000000000011100000011100000
000000000000000000000000000000000000000000000000000000000000000001000000000000011100000011100000
000000000000000000000000000000000000000000000000000000000000000000000000000000011000000011100000
000000000000000000000000000000000000000000000000000000000000000000000000000000010000000011000000
000000000000000000000000000000000000000000000000000000000000000000000000000001110000000011000000
000000000000000000000000000000000000000000000000000000000001100000000000000001110000000011000000
000000000000000000000000000000000000000000011000000000000001100000000000000001110000000011000000
000000000000000000000000001100000000000000011000000000000001100000000000000001110000000011000000
000000000000110000000000001100000000000000011000000000000001100000000000000001110000000011000000
000000000000110000000000011100000000000000111000000000000001100000000000000001110000000011000000
000000000000110000000000011100000000000001111000000000000101100000000000000001110000000011000000
000000000000110000000000011100000000000011111000000000001101100000000000000001110000000011000000
000000000000110000000000011100000000000111111000000000011101100000000000000001110000000011000000
000000000000110000000000011100000000001111111000000000111101100000000000000001110000000000000000
000000000000110000000000011100000000001111111000000000111101100000000000000000000000000000000000
000000000000110000000000011100000000001111111000000000111100000000000000000000000000000000000000
000000000000110000000000011100000000001111100000000000111100000000000000000000000000000000000000
000000000000100000000000011000000000001111100000000000111100000000000000000000000000000000000000
000000000000000000000000010000000000001111100000000000111100000000000000000000000000000000000000
000000000000000000000000000000000000001111000000000000111100000000000000000000000000000000000000
000000000000000000000000000000000000001110000000000000111000000000000000000000000000000000000000
000000000000000000000000000000000000001100000000000000110000000000000000000000000000000000000000
000000000000000000000011000000000000001100000000000000000000000000000000000000000000000000000000
000000000011000000000011000000000000001100000000000000000000000000000000000000000000000000000000
000110000011110000000011000000000000001100000000000000000000000000000000000000000000000000000000
000111000011111000000011000000000000001100000000000000000000000000000000000000000000000000000000
000111100011111100000011000000000000001100000000000000000000000000000000000000000000000000000000
000111100011111110000011000000100000001100000000000000000000000000000000000000000000000000000000
000111100011111110000011000000101000001100000010000000000000000000000000000000000000000000000000
000111100011111110000011000000101000001100000011000000000000010000000000000000000000000000000000
000111100011111110000011000000101000001100000011000000000000010010000000000000100000000000000000
000000000000000000000000000000001000000000000001000000000000000000000000000000000000000000000000
000000000000000000000000000000000000100000000000000000000000000000000000000000000000000000000000
000000000000000000011000000000000001110000000000000110000000000000000000000000000000000000000000
000000011100000000111100000000000011011000000000001111000000000000001110000000000000000000000000
011000111110000001100110000000000110001100000000011001100000000000011111000000000011100000000000
111101100011000111000011000000001100000110000000110000110000000000110001100000000110110000111000
100111000001101110000001110001101000000011000011100000011000000001100000110000001100011001101100
000010000000111000000000011011000000000001100111000000001100010011000000011000011000001111000100
000000000000010000000000001110000000000000111100000000000110110010000000001111110000000110000000
000000000000000000000000000000000000000000000000000000000001000000000000000000000000000000000000
000000000000000000000000000100000000000000011000000000000011100000000000000111100000000000000000
000000000000010000000000001110000000000000111100000000000110110010000000001111110000000110000000
000010000000111000000000011011000000000001100111000000001100010011000000011000011000001111000100
100111000001101100000000110001101000000011000011100000011000000001100000110000001100011001101100
111101100011000110000001100000101100000110000000110000110000000000110001100000000110110000111000
011000111110000011000011000000000110001100000000011001100000000000011011000000000011100000010000
000000011100000001111110000000000111011000000000001111000000000000001110000000000000000000000000
000000000000000000111100000000000001110000000000000110000000000000000100000000000000000000000000
000000000000000000000000000000000000100000000000000000000000000000000000000000000000000000000000
000000000000000000000000000000000000100000000000000000000001000000000000000000000000000000000000
000000000000000000000000000000000000000000000000000000000000000000000000000000000000000000000000
000000000000000000000000000000000000100000000000000000000001000000000000000000000000000000000000
000000000000000000000000000000000000000000000000000000000000000000000000000000000000000000000000
000000000000000000000000000000000000100000000000000000000001000000000000000000000000000000000000
000000000000000000000000000000000000000000000000000000000000000000000000000000000000000000000000
000000000000000000000000000000000000100000000000000000000001000000000000000000000000000000000000
000000000000000000000000000000000000000000000000000000000000000000000000000000000000000000000000
000000000000000000000000000000000000000000000000000000000000000000000000000000000000000000000000
000000000000000000000000000000000000010000000000000010000000000000000000000000000000000000000000
000000000000000000000000000000000000000010000000000000000000000000000000000000000000000000000000
000000000000000000000000000000000000000001000000000000000000000000000000000000000000000000000000
000000000000000000000000000000000000000000100000000000000000000000000000000000000000000000000000
000000000000000000000000000000000000000000010000000000000000000000000000000000000000000000000000
000000000000000000000000000000000000000000001000000000000000000000000000000000000000000000000000
000000000000000000000000000000000000000000000100000000000000000000000000000000000000000000000000
000000000000000000000000000000000000000000000010000000000000000000000000000000000000000000000000
000000000000000000000000000000001000000000000000000000000000000000000000000000000000000000000000
000000000000000000000000000000000100000000000000000000000000000000000000000000000000000000000000
000000000000000000000000000000000010000000000000000000000000000000000000000000000000000000000000
000000000000000000000000000000000001000000000000000000000000000000000000000000000000000000000000
000000000000000000000000000000000000100000000000000000000000000000000000000000000000000000000000
000000000000000000000000000000000000010000000000000000000000000000000000000000000000000000000000
000000000000000000000000000000000000001000000000000000000000000000000000000000000000000000000000
000000000000000000000000000000000000000100000000000000000000000000000000000000000000000000000000
000000000000000000000000000000000000000010000000000000010000000000000000000000000000000000000000
000000000000000000000000000000000000000001000000000000001000000000000000000000000000000000000000
000000000000000000000000000000000000000000100000000000000100000000000000000000000000000000000000
000000000000000000000000000000000000000000010000000000000010000000000000000000000000000000000000
000000000000000000000000000000000000000000001000000000000001000000000000000000000000000000000000
000000000000000000000000000000000000000000000100000000000000100000000000000000000000000000000000
000000000000000000000000000000000000000000000010000000000000010000000000000000000000000000000000
000000000000000000000000000000001000000000000001000000000000000000000000000000000000000000000000
000000000000000000000000000000000100000000000000100000000000000000000000000000000000000000000000
000000000000000000000000000000000010000000000000010000000000000000000000000000000000000000000000
000000000000000000000000000000000001000000000000001000000000000000000000000000000000000000000000
000000000000000000000000000000000000100000000000000100000000000000000000000000000000000000000000
000000000000000000000000000000000000010000000000000010000000000000000000000000000000000000000000
000000000000000000000000000000000000001000000000000001000000000000000000000000000000000000000000
000000000000000000000000000000000000000100000000000000100000000000000000000000000000000000000000
000000000000000000000001000000000000000010000000000000010000000000000000000000000000000000000000
000000000000000000000000100000000000000001000000000000001000000000000000000000000000000000000000
000000000000000000000000010000000000000000100000000000000100000000000000000000000000000000000000
000000000000000000000000001000000000000000010000000000000010000000000000000000000000000000000000
000000000000000000000000000100000000000000001000000000000001000000000000000000000000000000000000
000000000000000000000000000010000000000000000100000000000000100000000000000000000000000000000000
000000000000000000000000000001000000000000000010000000000000010000000000000000000000000000000000
000000000000000000000000000000101000000000000001000000000000000000000000000000000000000000000000
000000000000000010000000000000000100000000000000100000000000000000000000000000000000000000000000
000000000000000001000000000000000010000000000000010000000000000000000000000000000000000000000000
000000000000000000100000000000000001000000000000001000000000000000000000000000000000000000000000
000000000000000000010000000000000000100000000000000100000000000000000000000000000000000000000000
000000000000000000001000000000000000010000000000000010000000000000000000000000000000000000000000
000000000000000000000100000000000000001000000000000001000000000000000000000000000000000000000000
000000000000000000000010000000000000000100000000000000100000000000000000000000000000000000000000
000000000010000000000001000000000000000010000000000000010000000000000000100000000000000000000000
000000000010000000000000100000000000000001000000000000001000000000000000010000000000000000000000
000000000001000000000000010000000000000000100000000000000100000000000000001000000000000000000000
000000000000100000000000001000000000000000010000000000000010000000000000000100000000000000000000
000000000000100000000000000100000000000000001000000000000001000000000000000010000000000000000000
000000000000010000000000000010000000000000000100000000000000100000000000000001000000000000000000
000000000000001000000000000001000000000000000010000000000000010000000000000000100000000000000000
000000000000001000000000000000101000000000000001000000000000000010000000000000000000000000000000
000000000000000110000000000000000100000000000000100000000000000001000000000000000000000000000000
000000100000000001000000000000000010000000000000010000000000000000100000000000000000000000000000
000000100000000000100000000000000001000000000000001000000000000000010000000000000000000000000000
000000010000000000010000000000000000100000000000000100000000000000001000000000000000000000000000
000000001000000000001000000000000000010000000000000010000000000000000100000000000000000000000000
000000001000000000000100000000000000001000000000000001000000000000000010000000000000000000000000
000000000100000000000010000000000000000100000000000000100000000000000001000000000000000000000000
000000000010000000000001000000000000000010000000000000010000000000000000100000000000000000000000
000100000010000000000000100000000000000001000000000000001000000000000000010000000000001000000000
000100000001000000000000010000000000000000100000000000000100000000000000001000000000000100000000
000010000000000000000000001000000000000000010000000000000010000000000000000110000000000000000100
000010000000100000000000000100000000000000001000000000000001000000000000000011000000000010000000
000010000000010000000000000010000000000000000100000000000000100000000000000001110000000000000000
000001000000001000000000000001000000000000000010000000000000010010000000000000100000000001000000
000000000000001100000000000000101000000000000001000000000000000011000000000000001000000000000000
000001000000000110000000000000000100000000000000100000000000000001000000000000000100000000000000
010001100000000001000000000000000010000000000000010000000000000000110000000000000000000000100000
100000110000000000100000000000000001000000000000001000000000000000011000000000000010000000000000
000000110000000000010000000000000000100000000000000100000000000000001100000000000000000000010000
100000011000000000001000000000000000010000000000000010000000000000000110000000000000000000010000
100000001000000000000100000000000000001000000000000001000000000000000010000000000000100000000000
101000000100000000000010000000000000000100000000000000100000000000000001100000000000000000001000
100100000010000000000001000000000000000010000000000000010000000000000000110000000000000000001000
001100000010000000000000100000000000000001000000000000001000000000000000011000000000001000000000
100100000001000000000000010000000000000000100000000000000100000000000000001000000000001000000100
000010000000100000000000001000000000000000010000000000000010000000000000000100000000000100000000
000010000000110000000000000100000000000000001000000000000001000000000000000010000000000010000100
000010000000010000000000000010000000000000000100000000000000100000000000000001000000000001000000
000000000000000000000000000000000000000000000010000000000000000000000000000000000000000000000000
000000000000000000000000000000001000000000000000000000000000000000000000000000000000000000000000
000000000000000000000000000000000100000000000000000000000000000000000000000000000000000000000000
000000000000000000000000000000000010000000000000000000000000000000000000000000000000000000000000
000000000000000000000000000000000001000000000000000000000000000000000000000000000000000000000000
000000000000000000000000000000000000100000000000000000000000000000000000000000000000000000000000
000000000000000000000000000000000000010000000000000000000000000000000000000000000000000000000000
000000000000000000000000000000000000001000000000000000000000000000000000000000000000000000000000
000000000000000000000000000000000000000100000000000000000000000000000000000000000000000000000000
000000000000000000000000000000000000000010000000000000000000000000000000000000000000000000000000
000000000000000000000000000000000000000001000000000000000000000000000000000000000000000000000000
000000000000000000000000000000000000000000100000000000000000000000000000000000000000000000000000
000000000000000000000000000000000000000000010000000000000000000000000000000000000000000000000000
000000000000000000000000000000000000000000001000000000000000000000000000000000000000000000000000
000000000000000000000000000000000000000000000100000000000000000000000000000000000000000000000000
000000000000001000000000000001000000000000000110000000000000010000000000000000100000000000000000
000000000000001000000000000000101000000000000011000000000000000010000000000000000000000000000000
000000000000000110000000000000001100000000000000100000000000000001000000000000000000000000000000
000000100000000001000000000000000110000000000000010000000000000000100000000000000000000000000000
000000000000000000000000000000000000000000000000000000000000000000000000000000000000000000000000
000000000000000000000000000000000000000000000000000000000000000000000000000000000000000000000000
