000000000000000000000000000000000000000000000000000000000000000000100100100100000000000000000000
000000000000000000000000000000000000000000000000000100010000000000010000000010000000000000000000
000000000000000000000000000000000000000000000000010010000010000000000000010000000000000000000000
000000000000000000000000000000000000000000000000100000000100000000000010000000000000010000000000
000000000000000000000000000000000000000000000000000000000000000001000001001000000001000000000000
000000000000000000000000000000000000000000000000000000100000000000001000000000000100000100000000
000000000000000000000000000000000000000100000000001000000000000000000000000000000010000010000000
000000000000000000000000000000000001000010000000000000000000000000001000000001000000000000000000
000000000000000000000000000000000000100000000000001000001001000000000000000000000000000000000000
000000000000000000000000000000000010010000010000000000000000000000000000001000000000000000000000
000000000000000000000000000000000100000000100000000001000000000000000000000000000000001000000000
000000000000000000000000000000001000000001000000000000000000000000000001000000000000000000001000
000000000000000000000000000000000000000000000001000000001000000000000000000000000000100000000000
000000000000000000000000000000000000000000000000000000000000000010000010010000000000000000010000
000000000000000000000000000000000000000000000000000001000000000000000000000000001010001000000000
000000000000000000000000000000000000001000000000000000000000000000010000000000000000000000100100
000000000000000000000010000000000000000000000000010000000000000000000000000000000000000001010000
000000000000000000000001000000000010000000000000000000000000000000000000000000010001000000000000
000000000000000000100000100000000000000000000000000000000000000000000100000000100000000000000000
000000000000000000010000000000000000000001000000000100000000100000000000000000000000000000000000
000000000000000000001000000000000001000000001000000000000100000000000000000000000000000000000000
000000000000000000100100000100000000000000000000000000000000000000000000000100000000000000000000
000000000000000001000000001000000000001000000000000000000000000000000000000000000000000100000000
000000000000000010000000010000000000000000000000000000100000000000000000000000000000000000000100
000000000000000000000000100000100000000000000000000000000000000000000000100000000000000000010000
000000000000000000000000000000000000000010000010000000000000000000000000000000000001010000000000
000000000000000000000000000000000000000000000000000000010000010000000100000000000000000000001000
000000000000000000000000000000000000000000000000000010000000000000000000100000100000000000000000
000000000000000000000000000000000000010000000000000000000000000000000000100000010000000000100000
000000000000000000000100000000000000000000000000000000000000000000000000000000000100010001000000
000000000100000000000000000000000000000000000000000000000000000000100000000000000000000000001000
000000000010000000000000000000000000000000000000100000000000000000000000000000000000100000100000
000000000001000000000000000000000100000000000000000000000000000000000010000000001000000000000000
000000000000000001000000010000000000000000000000000010000000000010000000000000000000000000000000
000000010000000000000000000000000000100000100000000000000000010000000000000000000000000000000000
000000001000000000010000000000000000000000000100000000000010000000000000000000000000000000000000
000000010100000000000000000010000000000000000000000000000000000000000000000010000000000000000000
000000100000010000000010000000000000000000000000000000000000000000000000000000000000000010000000
000000000000100100000000000000000000000100000000000000000000000000000000000000000000000001000000
000000000001000000000000000001000000000000000000000000010000000000000000000000000000000000100000
000000000000000000000001000000000000000000000100000000000000000000000000010000000010000000000000
000000000000000000000000000000000000000100000000000000000000100000001000000000000000001000000000
000000000000000000000000000000000000000000000000000100100000000000000000000001000000000000000100
000000000000000000000000000000000000100000000000000000000000000000000001000000000000000011000000
000000000000000000001000000000000000000000000000000000000000000000000000000000001000100000000100
000000001000000000000000000000000000000000000000000000000000000001000000000000000000001000010000
001000000000000000000000000000000000000000000001000000000000000000000000000000000010010000000000
000100000000000000000000000000001000000000000000000000000000000000000001000000000100000000000000
000000000000100010000000000000000000000000000000000001000000000001000000000000000000000000000000
000000100000000000000000001000000000010000000001000000000000000000000000000000000000000000000000
010000000000000000001000000000000000000000010010000000000000000000000000000000000000000000000000
001000001000000000000000000001000000000000000000000000000001000000000000000000000000000000000000
010000000010001000000000000000000000000000000000000000000000000000000000000001000000000000000000
000011000000000000000001000000000000000000000000000000000000000000000000000000010000000000000000
000100000000001000000000000000000000000010000000000000000000000000000000000000001000000000000000
000000000010000000000000000010000000000000000000000000001000000000000000000000000100000000000000
000000000000000000000010000000000000000000001000000000000000000000010000001000000000000000000000
000000000000000000000000000000000000001000000000001000000001000000000000000000000000000100000000
000000000000000000000000000000000001000000000000000001000000000000000000000010000000000010000000
000000000000000000010000000000000000000000000000000000000000000000000010000000010000000100000000
000000010000000000000000000000000000000000000000000000000000000010000000001000000001000000000000
010000000000000000000000000000000000000000000000000000000000010000001000010000000000000000000000
100000000000000000000000000000000000000000000010000000000000000000010000100000000000000000000000
000010000000000000000000000000100000000000000000000000100000000000100000000000000000000000000000
000000000000010100000000000000000000001000000000100000000000000000000000000000000000000000000000
000001000000000000000100000100001000000000000000000000000000000000000000000000000000000000000000
100000000100000000000000000000100000000000001000000000000000000000000000000000000000000000000000
001100000000000100000000000000000000000000000000000000000000100000000000000000000000000000000000
100001000001000000000000000000000000000000000000000000000000000000000000000000100000000000000000
100010000000000000000000100000000000000000000000000000000000000010000000000000000000000000000000
001000000000010000000000000000000000000001000000000000000000000001000000000000000000000000000000
000000000100000000000000000100000000000000000000000000000100000000100000000000000000000000000000
000000000000000000000100000000000000000000010000010000000000000000000000000100000000000000000000
000000000000000000000000000000000010010000000000000000000010000000000000000010000000000000000000
000000000000000000100000000000000000000000000000000010000000000000000000000101000000000000000000
000000000000000001000000000000000000000000000000000000001000100000000100000000000000000000000000
000000100000000000000000000000000000000000000100000100010000000000000000000000000000000000000000
000001000000000000000000000001000000000100000000001000000000000000000000000000000000000000000000
000000000000001000000010000000000000000000000000010000000000000000000000000000000000000000000000
000010000010000000000000000010000100000000000000000000000000000000000000000000000000000000000000
000100000000100010000000000000000000000000000100000000000000000000000000000000000000000000000000
000000100000100000000000010000000000000000000000000000000000010000000000000000000000000000000000
010000000000000000000000001000000000000000100001000000000000000000000000000000000000000000000000
000000001000000000000000000000000000000000100000100000000010000000000000000000000000000000000000
000000000000000000001000000000000100000001000000000000000001000000000000000000000000000000000000
000000000000000010000000000000000000100010001000000000000000000000000000000000000000000000000000
000000000000000100000001000010000001000000000000000000000000000000000000000000000000000000000000
000000000001010000000000000001000010000000000000000000000000000000000000000000000000000000000000
000000000000000001000000011000000000000000000010000000000000000000000000000000000000000000000000
000000010000000000000000100000001000000000010000000000000000000000000000000000000000000000000000
000000000000000000010000000100100000000000000000000000000000000000000000000000000000000000000000
000000000000000000100000000000100000000000000000000000000000000000000000000000000000000000000000
000000000000000000100000000000000000000000000000000000000000000000000000000000000000000000000000
000000000000000000000000000000000000000000000000000000000000000000000000000000000000000000000000
