000000000000000000000000000000000000000010000000000000100000000000000000000000000000000000000000
000000000000000000000000000000000000000001000000000000010000000000000000000000000000000000000000
000000000000000000000000000000000000000000100000000000001000000000000000000000000000000000000000
000000000000000000000000000000000000000000010000000000000100000000000000000000000000000000000000
000000000000000000000000000000000000000000001000000000000010000000000000000000000000000000000000
000000000000000000000000000000000000000000000100000000000001000000000000000000000000000000000000
000000000000000000000000000000000000000000000010000000000000100000000000000000000000000000000000
000000000000000000000000000000001000000000000000000000000000010000000000000000000000000000000000
000000000000000000000000000000000100000010000001000000100000000000000000000000000000000000000000
000000000000000000000000000000000010000001000000100000010000000000000000000000000000000000000000
000000000000000000000000000000000001000000100000010000001000000000000000000000000000000000000000
000000000000000000000000000000000000100000010000001000000100000000000000000000000000000000000000
000000000000000000000000000000000000010000001000000100000010000000000000000000000000000000000000
000000000000000000000000000000000000001000000100000010000001000000000000000000000000000000000000
000000000000000000000000000000000000000100000010000001000000100000000000000000000000000000000000
000000000000000000000000000000001000000010000000000000100000010000000000000000000000000000000000
000000000000000000000000100000000100000000000001000000000000000000000000100000000000000000000000
000000000000000000000000010000000010000000000000100000000000000000000000010000000000000000000000
000000000000000000000000001000000001000000000000010000000000000000000000001000000000000000000000
000000000000000000000000000100000000100000000000001000000000000000000000000100000000000000000000
000000000000000000000000000010000000010000000000000100000000000000000000000010000000000000000000
000000000000000000000000000001000000001000000000000010000000000000000000000001000000000000000000
000000000000000000000000000000100000000100000000000001000000000000000000000000100000000000000000
000000000000000010000000000000000000000010000000000000100000000010000000000000000000000000000000
000000000000000001000000100000000000000000000000000000000000000001000000100000000000000000000000
000000000000000000100000010000000000000000000000000000000000000000100000010000000000000000000000
000000000000000000010000001000000000000000000000000000000000000000010000001000000000000000000000
000000000000000000001000000100000000000000000000000000000000000000001000000100000000000000000000
000000000000000000000100000010000000000000000000000000000000000000000100000010000000000000000000
000000000000000000000010000001000000000000000000000000000000000000000010000001000000000000000000
000000000000000000000001000000100000000000000000000000000000000000000001000000100000000000000000
000000000001000010000000000000000000000000000000000000000000000010000000000000000000010000000000
000000000000100001000000000000000000000000000000000000000000000001000000000000000000001000000000
000000000000010000100000000000000000000000000000000000000000000000100000000000000000000100000000
000000000000001000010000000000000000000000000000000000000000000000010000000000000000000010000000
000000000000000100001000000000000000000010000000000000100000000000001000000000010000000000000000
000000100000000000000100000000000000000001000000000000010000000000000100000000001000000000000000
000000010000000000000010000000000000000000100000000000001000000000000010000000000100000000000000
000000001000000000000001000000000000000000010000000000000100000000000001000000000010000000000000
000000000101000000000000000000000000000000001000000000000010000000000000000000000001010000000000
000000000010100000000000000000000000000010000100000000100001000000000000000000000000101000000000
000100000000010000000000000000000000000001000010000000010000100000000000000000000000000100001000
000010000000001000000000000000001000000000100000000000001000010000000000000000000000000010000100
000001000000000100000000000000000100000000010001000000000100000000000000000000010000000001000000
010000100000000000000000000000000010000000001000100000000010000000000000000000001000000000100000
001000010000000000000000000000000001000000000100010000000001000000000000000000000100000000010000
100000001000000000000000000000000000100000000010001000000000100000000000000000000010000000000000
100000000100000000000000000000001000010000000000000100000000010000000000000000000001000000000000
100000000010000000000000000000000100001000000001000010000000000000000000000000000000100000000000
100100000000000000000000000000000010000100000000100001000000000000000000000000000000000000001000
100010000000000000000000000000000001000010000000010000100000000000000000000000000000000000000100
000001000000000000000000100000000000100000000000001000000000000000000000100000000000000001000000
010000000000000000000000010000000000010000000000000100000000000000000000010000000000000000100000
001000000000000000000000001000000000001000000000000010000000000000000000001000000000000000010000
100000000000000000000000000100000000000100000000000001000000000000000000000100000000000000000000
100000000000000000000000000010000000000010000000000000100000000000000000000010000000000000000000
100000000000000000000000100001000000000000000000000000000000000000000000100001000000000000000000
100000000000000100000000010000000000000000000000000000000000000000000000010000010000000000000000
100000100000000000000000001000000000000000010000000000000000000000000000001000001000000000000000
010000000000000000000000000100000000000000001000000000000000000000000000000100000100000000000000
001000000000000000000000000010000000000000000100000000000000000000000000000010000010000000000000
000100000000000000000000000001000000000000000010000000000000000000000000000001000001000000000000
000010000000000000000000000000101000000000000000000000000000000000000000000000100000100000000000
000001000000000010000000000000000100000000000000000000000000000010000000000000000000000000001000
100000000000000001000000000000000000000000000000000000000000000001000000000000000000000000000100
000000000000000000100000000000000000000000000000000000000000000000100000000000000000000001000000
000000000000000000010000000000000000000000000000000000000000000000010000000000000000000000100000
000000000000000000001000000000000000000000000000000000000000000000001000000000000000000000010000
000000000100000000000100000000000000000000000000000000000000000000000100000000000000000000000000
000000000010000000000010000000000000000000000000000000000000000000000010000000000000000000000000
000100000000000000000001000000000000000000000000000000000000000000000001000000000000000000000000
000001000001000000000000000000000000000000000000000000000000000000000000000000000000010000000000
000000000000100000000000000000000000000000000000000000000000000000000000000000000000001000000000
000000000000010000000000000000000000000000000000000000000000000000000000000000000000000100000000
000000000000001000000000000000000000000000000000000000000000000000000000000000000000000010000000
000000000000000100000000000000000000000010000000000000100000000000000000000000010000000000000000
