000000000000000010000000000000000000000000000000000000000000000000000000000000000000000000000000
000000000000000000000000000000000100000000000000000000000000000000000000000000000000000000000000
000000000000000000000000000000000010000000000000000000000000000000000000000000000000000000000000
000000000000000000100000000000000000000000000000000000000000000000000000000000000000000000000000
000000010000000000000000000000000000000000000000000000000000000000000000000000000000000000000000
000000100000000000000000000000000000000000000000000000000000000000000000000000000000000000000000
000000000000000010100000000000000000000000000000000000000000000000000000000000000000000000000000
000000000000000000000000000000000101000000000000000000000000000000000000000000000000000000000000
000000000000000000000000000000000010100000000000000000000000000000000000000000000000000000000000
000000000000000000101000000000000000000000000000000000000000000000000000000000000000000000000000
000000010100000000000000000000000000000000000000000000000000000000000000000000000000000000000000
000000101000000000000000000000000000000000000000000000000000000000000000000000000000000000000000
000000000000000010101000000000000000000000000000000000000000000000000000000000000000000000000000
000000000000000000000100000000000101000000000000000000000000000000000000000000000000000000000000
000000000000000000000010000000000010101000000000000000000000000000000000000000000000000000000000
000000000010000000101000000000000000000000000000000000000000000000000000000000000000000000000000
000100001000000001000000000000000000000000000000000000000000000000000000000000000000000000000000
100000001000000001000000000000000000000000000000000000000000000000000000000000000000000000000000
100000001000000001000000000000000000000000000000000000000000000000000000000000000000000000000000
