000000000000000000100100100100101011011011011010110110110110110000100100100100100000000000000000
101100000010000000100111100100101011011011011010110110110110110000100100100100100000000000000000
111110100010001100100111100100101011011011011010110110110110110000100100100100100000000000000000
111110110010001100100111100100101011011011011010110110110110110000100100100100100000000000000000
111110110010001100100111100100101011011011011010110110110110110000000000000000000000000000000000
100010000000010000000000000100000000000000000000000000000000000000000000000000000000000000000000
100001000000000100000000000000100000000000000000000000000000000000000000000000000000000000000000
110000010000000000100000000000000000000000000000000000000000000000000000000000000000000000000000
101000000100000000000100000000000000000000000000000000000000000000000000000000000000000000000000
100100000001000000000000100000000000000000000000000000000000000000000000000000000000000000000000
000100000001000000000000100000000000000000000000000000000000000000000000000000000000000000000000
000000000001000000000000100000000000000000000000000000000000000000000000000000000000000000000000
000000000000000000000000100000000000000000000000000000000000000000000000000000000000000000000000
000000000000000000000000100000000000000001000000000000000000000000000000000000000000000000000000
000000000000000000000000100000000000000001000000000000000100000000000000000000000000000000000000
000000000000000000000000100000000000000001000000000000000100000000000000000100000000000000000000
000000000000000000000000010000000000000000100000000000000010000000000000000010000000000000000000
000000000000000000000000001000000000000000010000000000000001000000000000000001000000000000000000
000000000000000000000000000100000000000000001000000000000000100000000000000000100000000000000000
000000000000000000000000000010000000000000000100000000000000010010000000000000000000000000000000
000000000000000000000000000001000000000000000011000000000000000001000000000000000000000000000000
000000000000000000000000000000101000000000000000100000000000000000100000000000000000000000000000
000000000000000010000000000000000100000000000000010000000000000000010000000000000000000000000000
000000000000000001000000000000000010000000000000001000000000000000001000000000000000000000000000
000000000000000000100000000000000001000000000000000100000000000000000100000000000000000000000000
000000000000000000010000000000000000100000000000000010000000000000000010000000000000000000000000
000000000000000000001000000000000000010000000000000001000000000000000001000000000000000000000000
000000000000000000000100000000000000001000000000000000100000000000000000100000000000000000000000
000000000000000000000010000000000000000100000000000000010000000000000000010000000000000000000000
000000000000000000000001000000000000000010000000000000001000000000000000001000000000000000000000
000000000000000000000001000000000000000010000000000000001000000000000000001000000000000000000000
000000000000000000000111100000000000010001000000000001111000000000000000000000000000000000000000
000000000000000000000011110000000000001000100000000000111100000000000000000000000000000000000000
000000000000000000000001111000000000000100010000000000011110000000000000000000000000000000000000
000000000000000000000000111100000000000010001000000000001111000000000000000000000000000000000000
000000000000000000000000011110000000000001000100000000000111100000000000000000000000000000000000
000000000000000000000000001111000000000000100010000000000011110000000000000000000000000000000000
000000000000000000000000000111101000000000010001000000000001110000000000000000000000000000000000
000000000000000010000000000011100100000000001001100000000000110000000000000000000000000000000000
000000000000000011000000000001100010000000000101110000000000010000000000000000000000000000000000
000000000000000011100000000000100001000000000011111000000000000000000000000000000000000000000000
000000000000000011110000000000001000100000000000111100000000000000000000000000000000000000000000
000000000000000001111000000000000100010000000000011110000000000000000000000000000000000000000000
000000000000000000111100000000000010001000000000001111000000000000000000000000000000000000000000
000000000000000000011110000000000001000100000000000111100000000000000000000000000000000000000000
000000000000000000001111000000000000100010000000000011110000000000000000000000000000000000000000
000000000000000000000111100000000000010001000000000001111000000000000000000000000000000000000000
000000000000000000000011110000000000001000100000000000111100000000000000000000000000000000000000
000000000000000000000001111000000000000100010000000000011110000000000000000000000000000000000000
000000000000000000000011110000000000001000100000000000111100000000000000000000000000000000000000
000000000000000000000111100000000000010001000000000001111000000000000000000000000000000000000000
000000000000000000001111000000000000100010000000000011110000000000000000000000000000000000000000
000000000000000000011110000000000001000100000000000111100000000000000000000000000000000000000000
000000000000000000111100000000000010001000000000001111000000000000000000000000000000000000000000
000000000000000001111000000000000100010000000000011110000000000000000000000000000000000000000000
000000000000000011110000000000001000100000000000111100000000000000000000000000000000000000000000
000000000000000011100000000000100001000000000011111000000000000000000000000000000000000000000000
000000000000000011000000000001100010000000000101110000000000010000000000000000000000000000000000
000000000000000010000000000011100100000000001001100000000000110000000000000000000000000000000000
000000000000000000000000000111101000000000010001000000000001110000000000000000000000000000000000
000000000000000000000000001111000000000000100010000000000011110000000000000000000000000000000000
000000000000000000000000011110000000000001000100000000000111100000000000000000000000000000000000
100001011111110101000011000010100100000100000101100000110000010011000001110000001000111001111100
100000010101010100000011000000000100000100000101000000110000000011000000000000001000111001110100
000000011101110001000011000010000100000100000100100000110000010011000001010000001000101001110100
101101100010001100000011000000101000000100000011000000110000000011000001110000001000101001111100
000000011101110001000011000010000100000100000100100000110000010011000001010000001000101001110100
000000000000000000000011111000000000000000000000000000111110000000000000000000000000000000000000
000000000000000000000000111110000000000000000000000000001111100000000000000000000000000000000000
000000000000000000000000001111100000000000000001000000000011110000000000000000000000000000000000
000000000000000011000000000011100000000000000001110000000000110000000000000000000000000000000000
000000000000000011110000000000100000000000000001111100000000000000000000000000000000000000000000
000000000000000001111100000000000000000000000000011111000000000000000000000000000000000000000000
000000000000000000011111000000000000000000000000000111110000000000000000000000000000000000000000
000000000000000000001111000000000000000000000000000011110000000000000000000000000000000000000000
000000000000000000000011000000000000000000000000000000110000000000000000000000000000000000000000
000000000000000000000001000000000000000000000000000000010000000000000000000000000000000000000000
000000000000000000000000000000000000000000000000000000000000000000000000000000000000000000000000
000000000000000000000001000000000000000111000000000000010000000000000000000000000000000000000000
000000000000000000000010000000000000001111000000000000100000000000000000000000000000000000000000
000000000000000000000100000000000000011111000000000001000000000000000000000000000000000000000000
000000000000000000001000000000000000111111000000000010000000000000000000000000000000000000000000
000000000000000000010000000000000001111111000000000100000000000000000000000000000000000000000000
000000000000000000100000000000000011111111000000001000000000000000000000000000000000000000000000
000000000000000010000000000000001111111111000000100000000000000000000000000000000000000000000000
000000000000000000000000000000101111111111000011000000000000000000000000000000000000000000000000
000000000000000000000000000001001111111111000110000000000000010000000000000000000000000000000000
000000000000000000000000000010001111111111001110000000000000100000000000000000000000000000000000
000000000000000000000000000100001111111111011110000000000001000000000000000000000000000000000000
000000000000000000000000001000001111111111111110000000000010000000000000000000000000000000000000
000000000000000000000000010000001111111101111110000000000100000000000000000000000000000000000000
000000000000000000000000010000001111111001111110000000000100000000000000000000000000000000000000
000000000000000000000000010000001111110001111110000000000100000000000000000000000000000000000000
000000000000000000000000010000001111100001111110000000000100000000000000000000000000000000000000
000000000000000000000000010000001111000001111110000000000100000000000000000000000000000000000000
000000000000000000000000010000001110000001111110000000000100000000000000000000000000000000000000
000000000000000000000000010000001100000001111110000000000100000000000000000000000000000000000000
000000000000000000000000010000001000000001111110000000000100000000000000000000000000000000000000
000000000000000000000000010000000000000001111110000000000100000000000000000000000000000000000000
000000000000000000000000010000000000000001111100000000000100000000000000000000000000000000000000
000000000000000000000000010000000000000001111000000000000100000000000000000000000000000000000000
000000000000000000000000010000000000000001110000000000000100000000000000000000000000000000000000
000000000000000000000000010000000000000001100000000000000100000000000000000000000000000000000000
000000000000000000000000010000000000000001000000000000000100000000000000000000000000000000000000
000000000000000000000000000000000000000001000000000000000000000000000000000000000000000000000000
111111000000000000000000000000000000000000000000000000000000000000000000000000000000000000000000
000000000000000000000000000000000000000000000000000000000000000000000000000000000000000000000000
000000000000000000000000000000000000000000000000000000000000000000000000000000000000000000000000
000000000000000000000000000000000000000000000000000000000000000000000000000000000000000000000000
000000000000000000000000000000000000000000000000000000000000000000000000000000000000000000000000
000000000000000000000000000000000000000000000000000000000000000000000000000000000000000000000000
000000000000000000000000000000000000000000000000000000000000000000000000000000000000000000000000
100000000000000000000000000000000000000000000000000000000000000000000000000000000000000000000000
011111000000000000000000000000000000000000000000000000000000000000000000000000000000000001111100
000000111111111100000000000000000000000000000000000000000000000000000000000000011111111110000000
000000000000000011111111111111100000000000000000000000000000000011111111111111100000000000000000
000000000000000000000000000000001111111111111111111111111111110000000000000000000000000000000000
000000000000000011111111111111100000000000000000000000000000000011111111111111100000000000000000
000000111111111100000000000000000000000000000000000000000000000000000000000000011111111110000000
011111000000000000000000000000000000000000000000000000000000000000000000000000000000000001111100
100000000000000000000000000000000000000000000000000000000000000000000000000000000000000000000000
100000000000000000000000000000000000000000000000000000000000000000000000000000000000000000000000
100000000000000000000000000000000000000000000000000000000000000000000000000000000000000000000000
100000000000000000000000000000000000000000000000000000000000000000000000000000000000000000000000
010001100000000000000000000000000000000000000000000000000000000000000000000000000000000000000000
010001110000000000000000000000000000000000000000000000000000000000000000000000000000000000000000
010001111000000000010000000000000000000000000000000000000000000000000000000000000000000000000000
010001111000000000011000000000000000100000000000000000000000000000000000000000000000000000000000
010001111000000000011000000000000000110000000000000010000000000000000000000000000000000000000000
010001111000000000011000000000000000110000000000000011000000000000000010000000000000000000000000
010000011000000000011000000000000000110000000000000011000000000000000010000000000000000000000000
000000001000000000011000000000000000110000000000000011000000000000000010000000000000000000000000
000000000000000000001000000000000000110000000000000011000000000000000010000000000000000000000000
000000000000000000000000000000000000010000000000000011000000000000000010000000000000000000000000
000000000000000000000000000000000000000000000000000011000000000000000010000000000000000000000000
000000000000000000000000000000000000000000000000000111000000000000000110000000000000000000000000
000000000000000000000000000000000000000000000000001111000000000000001110000000000000000000000000
000000000000000000000000000000000000000000000000011111000000000000011110000000000000000000000000
000000000000000000000000000000000000000000000000011111000000000001111110000000001100000000100000
000000000000000000000000000000000000000000000000011111000000000001111110000000011100000011100000
000000000000000000000000000000000000000000000000011110000000000001111100000000011100000011100000
000000000000000000000000000000000000000000000000011100000000000001111000000000011100000011100000
000000000000000000000000000000000000000000000000011000000000000001110000000000011100000011100000
000000000000000000000000000000000000000000000000000000000000000001100000000000011100000011100000
000000000000000000000000000000000000000000000000000000000000000001000000000000011100000011100000
000000000000000000000000000000000000000000000000000000000000000000000000000000011000000011100000
000000000000000000000000000000000000000000000000000000000000000000000000000000010000000011000000
000000000000000000000000000000000000000000000000000000000000000000000000000001110000000011000000
000000000000000000000000000000000000000000000000000000000001100000000000000001110000000011000000
000000000000000000000000000000000000000000011000000000000001100000000000000001110000000011000000
000000000000000000000000001100000000000000011000000000000001100000000000000001110000000011000000
000000000000110000000000001100000000000000011000000000000001100000000000000001110000000011000000
000000000000110000000000011100000000000000111000000000000001100000000000000001110000000011000000
000000000000110000000000011100000000000001111000000000000101100000000000000001110000000011000000
000000000000110000000000011100000000000011111000000000001101100000000000000001110000000011000000
000000000000110000000000011100000000000111111000000000011101100000000000000001110000000011000000
000000000000110000000000011100000000001111111000000000111101100000000000000001110000000000000000
000000000000110000000000011100000000001111111000000000111101100000000000000000000000000000000000
000000000000110000000000011100000000001111111000000000111100000000000000000000000000000000000000
000000000000110000000000011100000000001111100000000000111100000000000000000000000000000000000000
000000000000100000000000011000000000001111100000000000111100000000000000000000000000000000000000
000000000000000000000000010000000000001111100000000000111100000000000000000000000000000000000000
000000000000000000000000000000000000001111000000000000111100000000000000000000000000000000000000
000000000000000000000000000000000000001110000000000000111000000000000000000000000000000000000000
000000000000000000000000000000000000001100000000000000110000000000000000000000000000000000000000
000000000000000000000011000000000000001100000000000000000000000000000000000000000000000000000000
000000000011000000000011000000000000001100000000000000000000000000000000000000000000000000000000
000110000011110000000011000000000000001100000000000000000000000000000000000000000000000000000000
000111000011111000000011000000000000001100000000000000000000000000000000000000000000000000000000
000111100011111100000011000000000000001100000000000000000000000000000000000000000000000000000000
000111100011111110000011000000100000001100000000000000000000000000000000000000000000000000000000
000111100011111110000011000000101000001100000010000000000000000000000000000000000000000000000000
000111100011111110000011000000101000001100000011000000000000010000000000000000000000000000000000
000111100011111110000011000000101000001100000011000000000000010010000000000000100000000000000000
111111111111111111111111111111101111111111111111111111111111110011111111111111111111111111111100
000000000000000000000000000000001111111111111111111111111111110000000000000000000000000000000000
111111111111111111111111111111101111111111111111111111111111110011111111111111111111111111111100
010001011000001100011000000011000000110000001100000011000001100000000011000011000000111110001100
111111111111111111111111111111101111111111111111111111111111110011111111111111111111111111111100
111111111111111111111111111111100000000000000000000000000000000011111111111111111111111111111100
111111111111111111111111111111101111111111111111111111111111110011111111111111111111111111111100
011111000000000011111111111111100000000000000001111111111111110000000000000000011111111110000000
111111111111111111111111111111101111111111111111111111111111110011111111111111111111111111111100
100000111111111100000000000000001111111111111110000000000000000011111111111111100000000001111100
111111111111111111111111111111101111111111111111111111111111110011111111111111111111111111111100
110000011111011110101001010110000101010010101011010101101010100001010100101010110110001011011000
111111111111111111111111111111101111111111111111111111111111110011111111111111111111111111111100
111111111111111111111111111111101111111111111110000000000000000000000000000000000000000000000000
000000000000000000000000000000000000000000000001111111111111110011111111111111111111111111111100
001000001110000000011111100000000000111110000000000111111000000000000111110000000001111000011000
100111100001111110000000011111101000000001111111100000000111110011000000001111111000000110000100
011111000000000000100100100100101011011011011011001001001001000000000000000000010110011011101000
011111101010101001010101001010100111101010101010010101010101010010101010100101001000101010110100
000000000000000000000000000000000000000000000000000000000000000000000000000000000000000000000000
111111111111111111111111111111101111111111111111111111111111110011111111111111111111111111111100
000000000000000000000000000000000000000000000000000000000000000000000000000000000000000000000000
000000000000000000000000000000000000000000000000000000000000000000000000000000000000000000000000
000000000000000000000000000000000000000000000000000000000000000000000000000000000000000000000000
000000000000000000000000000000000000000000000000000000000000000000000000000000000000000000000000
110011010000011001100000000110100110000000001001110000000000110011100000000000100000000000000000
110010110000010101100000000101101110000000001101010000000000110011100000000000100000000000000000
110010010000010011100000000100100010000000001010010000000000110011100000000000100000000000000000
110010110000010101100000000101101110000000001101010000000000110011100000000000100000000000000000
001100101000110111010000000100101101000000001000001000000000100011110000000000100000000000000000
000000000000000000000000000111101000000000010000100000000010110010100000000101110100000100100100
000000000000000000000000000111101000000000011110100000000010110011100000000101111100000101100100
000000000000000000000000000111101000000000000001100000000011110000100000000100000100000100100100
000000000000000000000000000000000000000000000000000000000000000000000000000000000000000000000000
000000000000000000000000000111101000000000010000100000000010110010100000000101110100000100100100
000000000000000000000000000111101000000000010000100000000010110010100000000101110100000100100100
000000000000000000000000000111101000000000011110100000000010000000100000000100101100000111100100
000000000000000111000000000111001010000000000001101000000011110001000000000100000100000100100100
000000000000000111000000000111001010000000011110101000000010000011000000000111000100000100100100
000000000000000000000000000111101000000000010000100000000010110010100000000101110100000100100100
000000000000000000000000000111101000000000010000100000000010110010100000000101110100000100100100
000000000000000111000000000111100010000000001001101000000011010000010000000100001100000101100100
000000000000000111000000000111001010000000001011101000000011010011000000000100000100000100100100
000000000000000111000000000111001010000000001011101000000011010011000000000100000100000100100100
000000000000000111000000000111001010000000001011101000000011010011000000000100000100000100100100
000000000000000111000000000111001010000000001011101000000011010011000000000100000100000100100100
000000000000000000000000000000001111111111111111111111111111110000000000000000000000000000000000
011111111111111100000000000000000000000000000000000000000000000000000000000000000000000000000000
000000000000000000000000000000000000000000000000000000000000000000000000000000000000000000000000
100000000000000000000000000000000000000000000000000000000000000000000000000000000000000000000000
000000000000000000000000000000000000000000000000000000000000000000000000000000000000000000000000
000000000000000000000000000000000000000000000000000000000000000000000000000000000000000001111100
000000000000000000000000000000000000000000000000000000000000000000000000000000000000000000000000
100000000000000000000000000000000000000000000000000000000000000000000000000000000000000000000000
011111111111111100000000000000000000000000000000000000000000000000000000000000000000000000000000
000000000000000000000000000000000000000000000000000000000000000000000000000000000000000000000000
011111111111111100000000000000000000000000000000000000000000000000000000000000000000000000000000
100000000000000000000000000000000000000000000000000000000000000000000000000000000000000000000000
000000000000000000000000000000000000000000000000000000000000000000000000000000000000000000000000
000000000000000000000000000000000000000000000000000000000000000000000000000000000000000001111100
000000000000000000000000000000000000000000000000000000000000000000000000000000000000000000000000
100000000000000000000000000000000000000000000000000000000000000000000000000000000000000000000000
000000000000000000000000000000000000000000000000000000000000000000000000000000000000000000000000
011111111111111100000000000000000000000000000000000000000000000000000000000000000000000000000000
000000000000000000000000000000000000000000000000000000000000000000000000000000000000000000000000
100000000000000000000000000000000000000000000000000000000000000000000000000000000000000000000000
000000000000000000000000000000000000000000000000000000000000000000000000000000000000000000000000
000000000000000000000000000000000000000000000000000000000000000000000000000000000000000001111100
000000000000000000000000000000000000000000000000000000000000000000000000000000000000000000000000
100000000000000000000000000000000000000000000000000000000000000000000000000000000000000000000000
011111111111111100000000000000000000000000000000000000000000000000000000000000000000000000000000
011111111111111100000000000000000000000000000000000000000000000000000000000000000000000000000000
000000000000000000000000000000000000001000000000000001100000000000000011100000000000000000000000
000000000000000000000000000000000000000001000000000000001100000000000000011100000000000000000000
000000000000000000000000000000000000000000001000000000000001100000000000000011100000000000000000
000000000000000000000000000000001000000000000001100000000000000011100000000000000000000000000000
000000000000000000000000000000000001000000000000001100000000000000011100000000000000000000000000
000000000000000000000000000000000000001000000000000001100000000000000011100000000000000000000000
000000000000000000000000000000000000001000000000000001100000000000000011100000000000000000000000
000000000000000000000000000000000001000000000000001100000000000000011100000000000000000000000000
000000000000000000000000000000000000001000000000000001100000000000000011100000000000000000000000
000000000000000000000000000000000000000000001000000000000001100000000000000011100000000000000000
000000000000000000000000000000001000000000000001100000000000000011100000000000000000000000000000
000000000000000000000000000000001000000000000001100000000000000011100000000000000000000000000000
000000000000000000000111100000000000010001000000000001111000000000000000000000000000000000000000
000000000000000000000011110000000000001000100000000000111100000000000000000000000000000000000000
000000000000000000000001111000000000000100010000000000011110000000000000000000000000000000000000
000000000000000000000000111100000000000010001000000000001111000000000000000000000000000000000000
000000000000000000000000011110000000000001000100000000000111100000000000000000000000000000000000
000000000000000000000000001111000000000000100010000000000011110000000000000000000000000000000000
000000000000000000000000000111101000000000010001000000000001110000000000000000000000000000000000
000000000000000010000000000011100100000000001001100000000000110000000000000000000000000000000000
000000000000000011000000000001100010000000000101110000000000010000000000000000000000000000000000
000000000000000011100000000000100001000000000011111000000000000000000000000000000000000000000000
000000000000000011110000000000001000100000000000111100000000000000000000000000000000000000000000
000000000000000001111000000000000100010000000000011110000000000000000000000000000000000000000000
000000000000000000111100000000000010001000000000001111000000000000000000000000000000000000000000
000000000000000000011110000000000001000100000000000111100000000000000000000000000000000000000000
000000000000000000001111000000000000100010000000000011110000000000000000000000000000000000000000
000000000000000000000111100000000000010001000000000001111000000000000000000000000000000000000000
000000000000000000000011110000000000001000100000000000111100000000000000000000000000000000000000
000000000000000000000001111000000000000100010000000000011110000000000000000000000000000000000000
000000000000000000000011110000000000001000100000000000111100000000000000000000000000000000000000
000000000000000000000111100000000000010001000000000001111000000000000000000000000000000000000000
000000000000000000001111000000000000100010000000000011110000000000000000000000000000000000000000
000000000000000000011110000000000001000100000000000111100000000000000000000000000000000000000000
000000000000000000111100000000000010001000000000001111000000000000000000000000000000000000000000
000000000000000001111000000000000100010000000000011110000000000000000000000000000000000000000000
000000000000000011110000000000001000100000000000111100000000000000000000000000000000000000000000
000000000000000011100000000000100001000000000011111000000000000000000000000000000000000000000000
000000000000000011000000000001100010000000000101110000000000010000000000000000000000000000000000
000000000000000010000000000011100100000000001001100000000000110000000000000000000000000000000000
000000000000000000000000000111101000000000010001000000000001110000000000000000000000000000000000
000000000000000000000000001111000000000000100010000000000011110000000000000000000000000000000000
000000000000000000000000011110000000000001000100000000000111100000000000000000000000000000000000
111111000000000000000000000000000000000000000000000000000000000000000000000000000000000000000000
111111111111111111111111111111100000000000000000000000000000000000000000000000000000000000000000
000000111111111111111111111111101111111111111110000000000000000000000000000000000000000000000000
000000000000000011111111111111101111111111111111111111111111110000000000000000000000000000000000
000000000000000000000000000000001111111111111111111111111111110011111111111111100000000000000000
000000000000000000000000000000000000000000000001111111111111110011111111111111111111111110000000
000000000000000000000000000000000000000000000000000000000000000011111111111111111111111111111100
000000000000000000000000000000000000000000000000000000000000000000000000000000011111111111111100
000000000000000000000000000000000000000000000000000000000000000000000000000000000000000001111100
000000000000000000000000000000000000000000000000000000000000000000000000000000011111111111111100
000000000000000000000000000000000000000000000000000000000000000011111111111111111111111111111100
000000000000000000000000000000000000000000000001111111111111110011111111111111111111111110000000
000000000000000000000000000000001111111111111111111111111111110011111111111111100000000000000000
000000000000000011111111111111101111111111111111111111111111110000000000000000000000000000000000
000000111111111111111111111111101111111111111110000000000000000000000000000000000000000000000000
011111111111111111111111111111100000000000000000000000000000000000000000000000000000000000000000
111111111111111100000000000000000000000000000000000000000000000000000000000000000000000000000000
111111000000000000000000000000000000000000000000000000000000000000000000000000000000000000000000
100000000000000000000000000000000000000000000000000000000000000000000000000000000000000000000000
000000000000000000000000000000000000000000000000000000000000000000000000000000000000000000000000
000000000000000000000000000000000000000000000000000000000000000000000000000000000000000000000000
000000000000000000000000000000000000000000000000000000000000000000000000000000000000000000000000
000000000000011000000000000010000000000000000000000000000000000000000000000000000000000000000000
000000000000001100000000000001000000000000000000000000000000000000000000000000000000000000000000
000000100000000110000000000000000000000000000000000000000000000000000000000000000000000000000000
000000110000000001000000000000000000000000000000000000000000000000000000000000000000000000000000
000000011000000000010000000000000000000000000000000000000000000000000000000000000000000000000000
000000001100000000001000000000000000000000000000000000000000000000000000000000000000000000000000
000000000110000000000010000000000000000000000000000000000000000000000000000000000000000000000000
000000000011000000000001000000000000000000000000000000000000000000000000000000000000000000000000
000000000001100000000000010000000000000000000000000000000000000000000000000000000000000000000000
000000000000110000000000001000000000000000000000000000000000000000000000000000000000000000000000
000000000000111000000000001000000000000000000000000000000000000000000000000000000000000000000000
000000000000011000000000001000000000000000010000000000000001110000000000000000000000000000000000
000000000000011000000000001001000000000000010010000000000001110000000000000000000000000000000000
000000000000011000000000000101000000000000001100000000000001010000000000000000000000000000000000
000000000000011000000000000100000000000000011100000000000001000000000000000001100000000000000000
000000000001000100000000000101000000000000001100000000000000100000000000000001000000000000000000
000000000000000000000000000000000000000000000000000000000000000000000000000000000000000000000000
000000000000000000000000000000000000000000000000000000000000000000000000000000000000000000000000
000000000000000000000000000000000000000000000000000000000000000000000000000000000000000000000000
000000000000000000000000000000000000000000000000000000000000000000000000000000000000000000000000
101100100101001000000100100000000100000000000100000001001000000000100000000000110100101001100000
100110101001010000000000100100000100100000000000000000001001000000100100000000000101001010110000
100100100001000000000000100000000100000000000000000000001000000000100000000000000100001000100000
101000000100001000000100000000000000000000000100000001000000000000000000000000110000100001000000
110000010000100000100000000000000000000000100000001000000000000000000000000100000010000100000100
100001000010000100000000000000100000000100000001000000000000000000000000100000001000010000001000
100010001000010000000000000100000000100000000000000000000001000000000100000000000001000010010000
000010000000010000000000001110000000000000011000000000000000000000000000000000000000000000000000
100010000000111000000000000100000000000000000000000000000000000000000000000000000000000000000000
111111001000010000000000000100000000000000000000000000000000000000000000000000000000000000000000
111111001000010000001000000000000000000000000000000000000000000000000000000000000000000000000000
111000101010000010001001000000000000000000000000000000000000000000000000000000000000000000000000
111000101010000010001001000000001000010010000000000001000000000000000000000000000000000000000000
011000101010000010001001000000001000010010000001111111111000000000000000000000000000000000000000
001100001000100000010000001000000001000000010001111111111111110000000000000000000000000000000000
001110001010101000010010001001000001001000010011111111111111110000000000000000000000000000000000
001110001010101000010010001001000001001000010011111111111111110000000000000000000000000000010000
001110001010101000010010001001000001001000010011111111111111110000000000000000000000100000110000
001110001010101000010010001001000001001000010011111111111111110000000000000000001110000001011000
001110001010101000010010001001000001001000010011111111111111110000000000000000000000000000100000
001110001010101000010010001001000001001000010011111111111111110010000001000000001000100000110000
001100001010000000010010000000000001001000000011111111111111110010000001000000001000100000110000
000110000000101000000000001001000001000000010011111111111111110010000001000000001000100000110000
000000000000000000000000000000000000000000000001111111111111110010001001000100001010100100110100
000000000000000000000000000000001111111111111111111111111111110000000000000000000000000000000000
000000000000000011111111111111101111111111111110000000000000000000000000000000000000000000000000
000000011111111101111111111111100000000000000000000000000000000000000000000000000000000000000000
000000111111111011111111111111000000000000000000000000000000000000000000000000000000000000000000
000000111111110111111111111110100000000000000000000000000000000000000000000000000000000000000000
000000111111101111111111111101100000000000000000000000000000000000000000000000000000000000000000
000000111111011111111111111011100000000000000000000000000000000000000000000000000000000000000000
000000111111101111111111111011100000000000000000000000000000000000000000000000000000000000000000
000000111111001111111111110011100000000000000000000000000000000000000000000000000000000000000000
000000111111011111111111110111100000000000000000000000000000000000000000000000000000000000000000
000000111110111111111111101111100000000000000000000000000000000000000000000000000000000000000000
000000111111111111111111111111100000000000000000000000000000000000000000000000000000000000000000
000000111111111111111111111111100000000000000000000000000000000000000000000000000000000000000000
000000000000011000000000000111000000000000001100000000000000000000000000000000000000000000000000
000000000000001100000000000011100000000000000110000000000000000000000000000000000000000000000000
000000000000000110000000000001101000000000000010000000000000000000000000000000000000000000000000
000000000000000110000000000001101000000000000010000000000000000000000000000000000000000000000000
000000000000000000000000000000000000000000000000000000000000000000000000000000000000000000000000
000000000000000000000000000000000000000000000000000000000000000000000000000000000000000000000000
000000001010011110100000101000000110000001100000010000000100000000110000001100001010001010011000
011000110010000110010001000001001000100010000101000010001000100010000010001001010000100110001100
011100101010100010010001001000001001000010010001001000001001000010010000001001011100000110000000
110010010000010000100000000100000010000000001001111111111111110011100000000000100000000000000000
101010000100010000000111100100000000011001010000000010100110000000000100111100000001000100010100
110010010000010000100000000100000010000000001001111111111111110011100000000000100000000000000000
000000000000000000000000000000000000001110000001111111001111110000000010001000000000101000001000
110010010000010011111111111111100010000000001000010000000000100011100000000000100000000000000000
110010010000010000100000000100000010000000001001111111111111110011100000000000100000000000000000
000000000000000000000000000000000000000000000000000000000000000000000000000000000000000000000000
000000000000000000000111100000000000010001000000000001111000000000000000000000000000000000000000
000000000000000000000011110000000000001000100000000000111100000000000000000000000000000000000000
000000000000000000000001111000000000000100010000000000011110000000000000000000000000000000000000
000000000000000000000000111100000000000010001000000000001111000000000000000000000000000000000000
000000000000000000000000011110000000000001000100000000000111100000000000000000000000000000000000
000000000000000000000000001111000000000000100010000000000011110000000000000000000000000000000000
000000000000000000000000000111101000000000010001000000000001110000000000000000000000000000000000
000000000000000010000000000011100100000000001001100000000000110000000000000000000000000000000000
000000000000000011000000000001100010000000000101110000000000010000000000000000000000000000000000
000000000000000011100000000000100001000000000011111000000000000000000000000000000000000000000000
000000000000000011110000000000001000100000000000111100000000000000000000000000000000000000000000
000000000000000001111000000000000100010000000000011110000000000000000000000000000000000000000000
000000000000000000111100000000000010001000000000001111000000000000000000000000000000000000000000
000000000000000000011110000000000001000100000000000111100000000000000000000000000000000000000000
000000000000000000001111000000000000100010000000000011110000000000000000000000000000000000000000
000000000000000000000111100000000000010001000000000001111000000000000000000000000000000000000000
000000000000000000000011110000000000001000100000000000111100000000000000000000000000000000000000
000000000000000000000001111000000000000100010000000000011110000000000000000000000000000000000000
000000000000000000000011110000000000001000100000000000111100000000000000000000000000000000000000
000000000000000000000111100000000000010001000000000001111000000000000000000000000000000000000000
000000000000000000001111000000000000100010000000000011110000000000000000000000000000000000000000
000000000000000000011110000000000001000100000000000111100000000000000000000000000000000000000000
000000000000000000111100000000000010001000000000001111000000000000000000000000000000000000000000
000000000000000001111000000000000100010000000000011110000000000000000000000000000000000000000000
000000000000000011110000000000001000100000000000111100000000000000000000000000000000000000000000
000000000000000011100000000000100001000000000011111000000000000000000000000000000000000000000000
000000000000000011000000000001100010000000000101110000000000010000000000000000000000000000000000
000000000000000010000000000011100100000000001001100000000000110000000000000000000000000000000000
000000000000000000000000000111101000000000010001000000000001110000000000000000000000000000000000
000000000000000000000000001111000000000000100010000000000011110000000000000000000000000000000000
000000000000000000000000011110000000000001000100000000000111100000000000000000000000000000000000
010001100000000000000000000000000000000000000000000000000000000000000000000000000000000000000000
010001110000000000000000000000000000000000000000000000000000000000000000000000000000000000000000
010001111000000000010000000000000000000000000000000000000000000000000000000000000000000000000000
010001111000000000011000000000000000100000000000000000000000000000000000000000000000000000000000
010001111000000000011000000000000000110000000000000010000000000000000000000000000000000000000000
010001111000000000011000000000000000110000000000000011000000000000000010000000000000000000000000
010000011000000000011000000000000000110000000000000011000000000000000010000000000000000000000000
000000001000000000011000000000000000110000000000000011000000000000000010000000000000000000000000
000000000000000000001000000000000000110000000000000011000000000000000010000000000000000000000000
000000000000000000000000000000000000010000000000000011000000000000000010000000000000000000000000
000000000000000000000000000000000000000000000000000011000000000000000010000000000000000000000000
000000000000000000000000000000000000000000000000000111000000000000000110000000000000000000000000
000000000000000000000000000000000000000000000000001111000000000000001110000000000000000000000000
000000000000000000000000000000000000000000000000011111000000000000011110000000000000000000000000
000000000000000000000000000000000000000000000000011111000000000001111110000000001100000000100000
000000000000000000000000000000000000000000000000011111000000000001111110000000011100000011100000
000000000000000000000000000000000000000000000000011110000000000001111100000000011100000011100000
000000000000000000000000000000000000000000000000011100000000000001111000000000011100000011100000
000000000000000000000000000000000000000000000000011000000000000001110000000000011100000011100000
000000000000000000000000000000000000000000000000000000000000000001100000000000011100000011100000
000000000000000000000000000000000000000000000000000000000000000001000000000000011100000011100000
000000000000000000000000000000000000000000000000000000000000000000000000000000011000000011100000
000000000000000000000000000000000000000000000000000000000000000000000000000000010000000011000000
000000000000000000000000000000000000000000000000000000000000000000000000000001110000000011000000
000000000000000000000000000000000000000000000000000000000001100000000000000001110000000011000000
000000000000000000000000000000000000000000011000000000000001100000000000000001110000000011000000
000000000000000000000000001100000000000000011000000000000001100000000000000001110000000011000000
000000000000110000000000001100000000000000011000000000000001100000000000000001110000000011000000
000000000000110000000000011100000000000000111000000000000001100000000000000001110000000011000000
000000000000110000000000011100000000000001111000000000000101100000000000000001110000000011000000
000000000000110000000000011100000000000011111000000000001101100000000000000001110000000011000000
000000000000110000000000011100000000000111111000000000011101100000000000000001110000000011000000
000000000000110000000000011100000000001111111000000000111101100000000000000001110000000000000000
000000000000110000000000011100000000001111111000000000111101100000000000000000000000000000000000
000000000000110000000000011100000000001111111000000000111100000000000000000000000000000000000000
000000000000110000000000011100000000001111100000000000111100000000000000000000000000000000000000
000000000000100000000000011000000000001111100000000000111100000000000000000000000000000000000000
000000000000000000000000010000000000001111100000000000111100000000000000000000000000000000000000
000000000000000000000000000000000000001111000000000000111100000000000000000000000000000000000000
000000000000000000000000000000000000001110000000000000111000000000000000000000000000000000000000
000000000000000000000000000000000000001100000000000000110000000000000000000000000000000000000000
000000000000000000000011000000000000001100000000000000000000000000000000000000000000000000000000
000000000011000000000011000000000000001100000000000000000000000000000000000000000000000000000000
000110000011110000000011000000000000001100000000000000000000000000000000000000000000000000000000
000111000011111000000011000000000000001100000000000000000000000000000000000000000000000000000000
000111100011111100000011000000000000001100000000000000000000000000000000000000000000000000000000
000111100011111110000011000000100000001100000000000000000000000000000000000000000000000000000000
000111100011111110000011000000101000001100000010000000000000000000000000000000000000000000000000
000111100011111110000011000000101000001100000011000000000000010000000000000000000000000000000000
000111100011111110000011000000101000001100000011000000000000010010000000000000100000000000000000
000000000000000000000000000000000000000000000000000000000000000000000000000000000000000000000000
000000000000000000000000000000000000000000000000000000000000000000000000000000000000000000000000
110010010000010000100000000100000010000000001000010000000000100011100000000000100000000000000000
100101000001000100000000100000100000000001000010000000000100010000000000000111100000000000000000
101010000100010000000100000100000000001000010000000000100010000000000000111100000000000000000000
110100010001000000100000100000000001000010000000000100010000000000000111100000000000000000000000
101001000100000100000100000000101000010000000000100010000000000000111100000000000000000000000000
110010010000010000100000000100000010000000001000010000000000100011100000000000100000000000000000
100101000001000100000000100000100000000001000010000000000100010000000000000111100000000000000000
101010000100010000000100000100000000001000010000000000100010000000000000111100000000000000000000
110100010001000000100000100000000001000010000000000100010000000000000111100000000000000000000000
101001000100000100000100000000101000010000000000100010000000000000111100000000000000000000000000
110010010000010000100000000100000010000000001000010000000000100011100000000000100000000000000000
100101000001000100000000100000100000000001000010000000000100010000000000000111100000000000000000
101010000100010000000100000100000000001000010000000000100010000000000000111100000000000000000000
110100010001000000100000100000000001000010000000000100010000000000000111100000000000000000000000
101001000100000100000100000000101000010000000000100010000000000000111100000000000000000000000000
110010010000010000100000000100000010000000001000010000000000100011100000000000100000000000000000
100101000001000100000000100000100000000001000010000000000100010000000000000111100000000000000000
101010000100010000000100000100000000001000010000000000100010000000000000111100000000000000000000
110100010001000000100000100000000001000010000000000100010000000000000111100000000000000000000000
101001000100000100000100000000101000010000000000100010000000000000111100000000000000000000000000
110010010000010000100000000100000010000000001000010000000000100011100000000000100000000000000000
100101000001000100000000100000100000000001000010000000000100010000000000000111100000000000000000
101010000100010000000100000100000000001000010000000000100010000000000000111100000000000000000000
110100010001000000100000100000000001000010000000000100010000000000000111100000000000000000000000
101001000100000100000100000000101000010000000000100010000000000000111100000000000000000000000000
001100001000100000010000001000000001000000010000001000000001000000010000000001011100000000000000
011000100010000010000001000000001000000010000001000000001000000010000000001000010000000110000000
010001001000001000001000000010000000010000001000000001000001000000000001000010000000011100000000
000011100000100001000000010000000010000001000000001000001000000000001000010000000001110000000000
000110000010001000000010000001000000001000000011000001000000000001000010000000000111000000000000
001100001000100000010000001000000001000000010000001000000001000000010000000001011100000000000000
011000100010000010000001000000001000000010000001000000001000000010000000001000010000000110000000
010001001000001000001000000010000000010000001000000001000001000000000001000010000000011100000000
000011100000100001000000010000000010000001000000001000001000000000001000010000000001110000000000
000110000010001000000010000001000000001000000011000001000000000001000010000000000111000000000000
001100001000100000010000001000000001000000010000001000000001000000010000000001011100000000000000
011000100010000010000001000000001000000010000001000000001000000010000000001000010000000110000000
010001001000001000001000000010000000010000001000000001000001000000000001000010000000011100000000
000011100000100001000000010000000010000001000000001000001000000000001000010000000001110000000000
000110000010001000000010000001000000001000000011000001000000000001000010000000000111000000000000
001100001000100000010000001000000001000000010000001000000001000000010000000001011100000000000000
011000100010000010000001000000001000000010000001000000001000000010000000001000010000000110000000
010001001000001000001000000010000000010000001000000001000001000000000001000010000000011100000000
000011100000100001000000010000000010000001000000001000001000000000001000010000000001110000000000
000110000010001000000010000001000000001000000011000001000000000001000010000000000111000000000000
101000000100001000000100000000000000000000000100000001000000000000000000000000110000100001000000
100000000000000000000000000000000000000000000000000000000000000000000000000000000000000000000000
011111000000000000000000000000000000000000000000000000000000000000000000000000000000000001111100
000000101010101100000000000000000000000000000000000000000000000000000000000000011101010100000000
000000000000000001010010101010100000000000000000000000000000000010101001010101000000000000000000
000000000000000000000000000000001010010101010101010100101010100000000000000000000000000000000000
000000000000000001001010101010100000000000000000000000000000000010100101010101000000000000000000
000000101010101000000000000000000000000000000000000000000000000000000000000000010101010100000000
011111000000000000000000000000000000000000000000000000000000000000000000000000000000000001111100
100000000000000000000000000000000000000000000000000000000000000000000000000000000000000000000000
011111000000000000000000000000000000000000000000000000000000000000000000000000000000000001111100
000000111111111100000000000000000000000000000000000000000000000000000000000000011111111110000000
000000000000000011111111111111100000000000000000000000000000000011111111111111100000000000000000
000000000000000000000000000000001111111111111111111111111111110000000000000000000000000000000000
000000000000000000000000000000000000000000000000000000000000000000000000000000000000000000000000
000000000000000000000000000000001111111111111111111111111111110000000000000000000000000000000000
000000000000000011111111111111100000000000000000000000000000000011111111111111100000000000000000
000000111111111100000000000000000000000000000000000000000000000000000000000000011111111110000000
011111000000000000000000000000000000000000000000000000000000000000000000000000000000000001111100
100000000000000000000000000000000000000000000000000000000000000000000000000000000000000000000000
111111000000000000000000000000000000000000000000000000000000000000000000000000000000000000000000
111111111111111100000000000000000000000000000000000000000000000000000000000000000000000000000000
111111111111111111111111111111100000000000000000000000000000000000000000000000000000000000000000
111111111111111111111111111111100011000001100000000000000000000000000000000000000000000000000000
111111111111111111111111111111100011000001100000001000000100000000011000001100000000000000000000
111111111111111111111111111111100011000001100000001000000100000011111111111111100000000000000000
111111111111111111111111111111100011000001100000001000000100000011111111111111111111111110000000
111111111111111111111111111111101111111111111111111111111111110011111111111111111111111111111100
000000000000000000000000000000000000000000000000000000000000000000000000000000000000000000000000
111111111111111111111111111111101111111111111111111111111111110011111111111111111111111111111100
110010010000010000100000000100100010000000001000010000000000100011100000000000100000000000000000
100101000001000100000000100100100000000001000010000000000100010000000000000111100000000000000000
101010000100010000000100100100000000001000010000000000100010000000000000111100000000000000000000
110100010001000000100100100000000001000010000000000100010000000000000111100000000000000000000000
101001000100000100100100000000101000010000000000100010000000000000111100000000000000000000000000
110010010000010000100000000100100010000000001000010000000000100011100000000000100000000000000000
100101000001000100000000100100100000000001000010000000000100010000000000000111100000000000000000
101010000100010000000100100100000000001000010000000000100010000000000000111100000000000000000000
110100010001000000100100100000000001000010000000000100010000000000000111100000000000000000000000
101001000100000100100100000000101000010000000000100010000000000000111100000000000000000000000000
110010010000010000100000000100100010000000001000010000000000100011100000000000100000000000000000
100101000001000100000000100100100000000001000010000000000100010000000000000111100000000000000000
101010000100010000000100100100000000001000010000000000100010000000000000111100000000000000000000
110100010001000000100100100000000001000010000000000100010000000000000111100000000000000000000000
101001000100000100100100000000101000010000000000100010000000000000111100000000000000000000000000
000000000000000000000000000000000000000000000000000000000000000000000000000000000000000000000000
000000000000000000000000000000000000000000000000000000000000000000000000000000000000000000000000
111111111111111111111111111111101111111111111111111111111111110011111111111111111111111111111100
111111000000000000000000000000000000000000000000000000000000000000000000000000000000000000000000
111111111111111111111111111111100000000000000000000000000000000000000000000000000000000000000000
000000111111111111111111111111101111111111111110000000000000000000000000000000000000000000000000
000000000000000011111111111111101111111111111111111111111111110000000000000000000000000000000000
000000000000000000000000000000001111111111111111111111111111110011111111111111100000000000000000
000000000000000000000000000000000000000000000001111111111111110011111111111111111111111110000000
000000000000000000000000000000000000000000000000000000000000000011111111111111111111111111111100
000000000000000000000000000000000000000000000000000000000000000000000000000000011111111111111100
000000000000000000000000000000000000000000000000000000000000000000000000000000000000000001111100
000000000000000000000000000000000000000000000000000000000000000000000000000000011111111111111100
000000000000000000000000000000000000000000000000000000000000000011111111111111111111111111111100
000000000000000000000000000000000000000000000001111111111111110011111111111111111111111110000000
000000000000000000000000000000001111111111111111111111111111110011111111111111100000000000000000
000000000000000011111111111111101111111111111111111111111111110000000000000000000000000000000000
000000111111111111111111111111101111111111111110000000000000000000000000000000000000000000000000
011111111111111111111111111111100000000000000000000000000000000000000000000000000000000000000000
111111111111111100000000000000000000000000000000000000000000000000000000000000000000000000000000
111111000000000000000000000000000000000000000000000000000000000000000000000000000000000000000000
100000000000000000000000000000000000000000000000000000000000000000000000000000000000000000000000
000000000000000000000000000000000000000000000000000000000000000000000000000000000000000000000000
000000000000000000000000000000000000000000000000000000000000000000000000000000000000000000000000
