111111111111111100000000000000001111111111111110000000000000000011111111111111100000000000000000
111111111111111111111111111111100101010001010101101010000101010000010100000101011101000100010100
011010111111111111111111111111101111111111111111010000101011100010100000101000010100010110101000
010101001010101011111111111111101111111111111111111111111111110000000101000010110001011101010000
001011101010100001010001010111101111111111111111111111111111110011111111111111100101110100100100
010110101010001010001010111101000100101010001011111111111111110011111111111111111111111111001000
000000000000000000000000000000000000000000000000000000000000000011111111111111111111111111111100
000000000000000000000000000000000000000000000000000000000000000000000000000000011111111111111100
000000000000000000000000000000000000000000000000000000000000000000000000000000000000000001111100
000000000000000000000000000000000000000000000000000000000000000000000000000000011111111111111100
000000000000000000000000000000000000000000000000000000000000000011111111111111111111111111111100
000000000000000000000000000000000000000000000001111111111111110011111111111111111111111110000000
000000000000000000000000000000001111111111111111111111111111110011111111111111100000000000000000
000000000000000011111111111111101111111111111111111111111111110000000000000000000000000000000000
000000111111111111111111111111101111111111111110000000000000000000000000000000000000000000000000
011111111111111111111111111111100000000000000000000000000000000000000000000000000000000000000000
111111111111111100000000000000000000000000000000000000000000000000000000000000000000000000000000
111111000000000000000000000000000000000000000000000000000000000000000000000000000000000000000000
100000000000000000000000000000000000000000000000000000000000000000000000000000000000000000000000
111111000100000100001110000000101111111111111110100010000000000000111100000000000000000001111100
111111010101010100100101110100100001000011000000000100010000000000000111100000000000000000000000
101010000100010000000100001110000000001000011001111111111111110000100100111100110101001011111100
100101000001000110000000100001101000000001000010000000000100010000000000000111100000000000000000
111111010000010001110000000100001111111111111110010000000000100011100000000000100000000001111100
111111111101010110101100100100100100100000000000011100000000000000000000000000000000000000000000
111111011111010100110101100100100000100100000000000011100000000000000000000000000000000000000000
100100000010100000000010001000000000000100100000000000011100000000000000000000000000000000000000
011111000000101000000000010001000000000000100100000000000011100000000000000000000000000001111100
000001101010101101000000000010000100000000000101100000000000010000000000000000011101010100000000
000000000000000001010010101010100000000000000000000000000000000010101001010101000000000000000000
000000000000000000000000000000001010010101010101010100101010100000000000000000000000000000000000
000000000000000001001010101010100000000000000000000000000000000010100101010101000000000000000000
000000101010101000000000000000000000000000000000000000000000000000000000000000010101010100000000
111111000000000000100100100100100000000000000000000000000000000000100100100100100000000001111100
100000000000000000000000000000000000000000000000000000000000000000000000000000000000000000000000
111111000000000000100100100100100000000000000001111111111111110000100100100100100000000001111100
000000111111111100000000000000000000000000000000000000000000000000000000000000011111111110000000
100000000000000011111111111111101111111111111110000000000000000011111111111111100000000000000000
000000000000000000000000000000001111111111111111111111111111110000000000000000000000000000000000
100000000000000000100100100100100000000000000000000000000000000000100100100100111111111110000000
000000000000000000000000000000001111111111111111111111111111110000000000000000000000000000000000
100000111111111111111111111111100000000000000000000000000000000011111111111111100000000000000000
000000111111111100000000000000000000000000000000000000000000000000000000000000011111111110000000
111111000000000000100100100100100000000000000000000000000000000000100100100100100000000001111100
100000000000000000000000000000000000000000000000000000000000000000000000000000000000000000000000
111111000000000000100100100100100000000000000000000000000000000000100100100100100000000000000000
111111111111111100000000000000000000000000000000000000000000000000000000000000000000000000000000
111111111111111111111111111111100000000000000000000000000000000000000000000000000000000000000000
111111111111111111111111111111100011000001100000000000000000000000000000000000000000000000000000
111111111111111111111111111111100011000001100000001000000100000000011000001100000000000000000000
111111111111111111111111111111100011000001100000001000000100000011111111111111100000000000000000
111111111111111111111111111111100011000001100000001000000100000011111111111111111111111110000000
111111111111111111111111111111101111111111111111111111111111110011111111111111111111111111111100
100100000001000000000000100000000000000001111110000000001000000000000000000000000000001000000000
111111111111111111111111111111101111111111111111111111111111110011111111111111111111111111111100
111010010100010000100100000100100010001111111000010001000000100011100000000000100000100000000000
100101001001000100000000100100100000111111110010000000000100010000000100000111100001000000010000
111010010100010000100100100100000001111111110000001000100010000000000000111100000010000000000000
110101010001000100100100100000101111111111000001000100010000000000000111100000001000000000000000
101001000100001100100100000000101111111110000110100010000000000000111100000000110000000001000000
110010010000010000100000000100101111111100001110010000000001100011100000000000100000000010000000
100101000001100100000000100100101111111001111110000000000100010000000000000111100000000100000100
101010000100010000000100100100000000001000010000000000100010000000000000111100000000000000000000
110100010001000000100100100000000001000010000000000100010000000000000111100000000000000000000000
101001000100000100100100000000101000010000000000100010000000000000111100000000000000000000000000
110010010000010000100000000100100010000000001000010000000000100011100000000000100000000000000000
100101000001000100000000100100100000000001000010000000000100010000000000000111100000000000000000
101010000100010000000100100100000000001000010000000000100010000000000000111100000000000000000000
110100010001000000100100100000000001000010000000000100010000000000000111100000000000000000000000
101001000100000100100100000000101000010000000000100010000000000000111100000000000000000000000000
000000000000000000000000000000000000000000000000000000000000000000000000000000000000000000010000
000000000000000000000000000000000000000000000000000000000000000000000000000000000001000000010000
000000000000000000000000000000000000000000000000000000000000000000000000000000000001000000000000
000000000000000000000000000000000000000000000000000000000000000000000100000000000001000000000000
000000000000000000000000000000000000100000000000000000000000000000000100000000000000000000000000
000000000000000000000000000000000000100000000000000110000000000000000000000000000000000000000000
000000001000000000000000000000000000100000000000000000000000000000000000000000000000000000000000
000000001000000000011000000000000000000000000000000000000000000000000000000000000000000000000000
100000001000000000000000000000000000000000000000000000000000000000000000000000000000000000000000
111000000000000000000000000000000000000000000000000000000000000000000000000000000000000000000000
111111000000000000000000000000000000000000000000000000000000000000000000000000000000000000000000
100000000000000000000000000000000000000000000000000000000000000000000000000000000000000000000000
111111000000000000000000000000000000000000000000000000000000000000000000000000000000000000000000
111111010101010100000000000000000000000000000000000000000000000000000000000000000000000000000000
111111101010101000000000000000000000000000000000000000000000000000000000000000000000000000000000
111111111111111100000000000000000000000000000000000000000000000000000000000000000000000000000000
111111111111111111011011011011000000000000000000000000000000000000000000000000000000000000000000
111111111111111100100100100100100000000000000000000000000000000000000000000000000000000000000000
111111111111111111111111111111100000000000000000000000000000000000000000000000000000000000000000
111111111111111100100100100100100000000000000000000000000000000000000000000000000000000000000000
111111111111111111111111111111101101101101101100000000000000000000000000000000000000000000000000
111111111111111111111111111111100010010010010010000000000000000000000000000000000000000000000000
111111111111111111111111111111101101101101101100100100100100100000000000000000000000000000000000
111111111111111111111111111111101101101101101100100100100100100000000000000000000000000000000000
111111111111111100100100100100100000000000000000000000000000000000000000000000000000000000000000
111111111111111111111111111111101101101101101100100100100100100000000000000000000000000000000000
111111111111111111111111111111101101101101101100100100100100100000000000000000000000000000000000
100000111111111111111111111111101101101101101100100100100100100000000000000000000000000001111100
100000000000000011111111111111101101101101101100100100100100100000000000000000010101010101111100
100000000000000011111111111111101101101101101100100100100100100000000000000000001010101011111100
100000000000000010010010010010001101101101101101111111111111110000000000000000011111111111111100
100000000000000010010010010010001101101101101101111111111111110001101101101101111111111111111100
100000000000000010010010010010001101101101101101111111111111110011111111111111111111111111111100
100000000000000010010010010010001101101101101101111111111111110011111111111111111111111111111100
000000000000000000000000000000000000000000000000000000000000000000000000000000000000000000000000
000000000000000000000000000000000000000000000000000000000000000000000000000000000000000000000000
