000000000000000000000000000000001111111111111110000000000000000000000000000000000000000000000000
111111010101010100100100100100101011011011011010110110110110110000100100100100110101010101111100
000000000000000000000000000000000000000000000000000000000000000000000000000000001010101011111100
000000000000000000000000000000000000000000000001001001001001000011011011011011001010101010000000
000000000000000011011011011011001011011011011011001001001001000011011011011011000000000000000000
000000010101010110010010010010001001001001001000000000000000000000000000000000000000000000000000
000000000000000010110110110110101001001001001000000000000000000000000000000000000000000000000000
000000010101010100100100100100101001001001001000000000000000000000000000000000000000000000000000
000000111111111100100100100100100000000000000000000000000000000000000000000000000000000000000000
011111111111111100000000000000000000000000000000000000000000000000000000000000000000000000000000
111111000000000000000000000000000000000000000000000000000000000000000000000000000000000000000000
100000101010101000100100100100100100100100100101001001001001000000100100100100101010101011111100
