111111111111111111111111111111101111111111111111111111111111110011111111111111111111111111111100
000000000000000000000000000000001111111111111111111111111111110000000000000000000000000000000000
111111111111111111111111111111101111111111111111111111111111110011111111111111111111111111111100
000000000000000000000000000000001111111111111111111111111111110000000000000000000000000000000000
111111111111111111111111111111101111111111111111111111111111110011111111111111111111111111111100
000000000000000000000000000000001111111111111111111111111111110000000000000000000000000000000000
111111111111111111111111111111101111111111111111111111111111110011111111111111111111111111111100
000000000000000000000000000000001111111111111111111111111111110000000000000000000000000000000000
111111111111111111111111111111101111111111111111111111111111110011111111111111111111111111111100
000000000000000000000000000000001111111111111111111111111111110000000000000000000000000000000000
111111111111111111111111111111101111111111111111111111111111110011111111111111111111111111111100
000000000000000000000000000000001111111111111111111111111111110000000000000000000000000000000000
111111111111111111111111111111101111111111111111111111111111110011111111111111111111111111111100
000000000000000000000000000000000000000000000000000000000000000000000000000000011111111111111100
111111111111111111111111111111101111111111111111111111111111110011111111111111111111111111111100
000000000000000000000000000000000000000000000000000000000000000000000000000000011111111111111100
111111111111111111111111111111101111111111111111111111111111110011111111111111111111111111111100
111111111111111100000000000000000000000000000000000000000000000000000000000000000000000000000000
111111111111111111111111111111101111111111111111111111111111110011111111111111111111111111111100
111111111111111100000000000000000000000000000000000000000000000000000000000000000000000000000000
111111111111111111111111111111101111111111111111111111111111110011111111111111111111111111111100
000000000000000000000000000000000000000000000000000000000000000000000000000000011111111111111100
111111111111111111111111111111101111111111111111111111111111110011111111111111111111111111111100
111111111111111100000000000000000000000000000000000000000000000000000000000000000000000000000000
111111111111111111111111111111101111111111111111111111111111110011111111111111111111111111111100
000000111111111111111111111111101111111111111110001000000000000000000000000000000000000000000000
000000000000000011111111111111101111111111111110000000000000000000000000000000000000000000000000
111111111111111111111111111111101111111111111111111111111111110011111111111111111111111111111100
000000000000000000000000000000001111111111111111111111111111110000000000000000000000000000000000
111111111111111111111111111111101111111111111111111111111111110011111111111111111111111111111100
000000000000000000000000000000001111111111111111111111111111110011111111111111111111111110000000
111111111111111111111111111111101111111111111111111111111111110011111111111111111111111111111100
000000000000000000000000000000001111111111111111111111111111110011111111111111111111111110000000
000000000000000000000000000000001111111111111111111111111111110011111111111111100000000000000000
111111111111111111111111111111101111111111111111111111111111110011111111111111111111111111111100
111111111111111111111111111111101111111111111111111111111111110011111111111111111111111111111100
111111111111111111111111111111101111111111111111111111111111110011111111111111111111111111111100
000000000000000000000000000000000100100100100101001001001001000000000000000000000000000000000000
111111111111111111111111111111101111111111111111111111111111110011111111111111111111111111111100
000000000000000000000000000000001001001001001000010010010010010000000000000000000000000000000000
111111111111111111111111111111101111111111111111111111111111110011111111111111111111111111111100
000000000000000000000000000000000000000000011110000000000001110000000000000000000000000000000000
111111111111111111111111111111101111111111111111111111111111110011111111111111111111111111111100
000000000000000000000000000000000000000001111000000000000111000000000000000000000000000000000000
111111111111111111111111111111101111111111111111111111111111110011111111111111111111111111111100
000000000000000000000000000000000000000111100000000000011100000000000000000000000000000000000000
111111111111111111111111111111101111111111111111111111111111110011111111111111111111111111111100
000000000000000000000000000000000000011110000000000001110000000000000000000000000000000000000000
111111111111111111111111111111101111111111111111111111111111110011111111111111111111111111111100
000000000000000000000000000000000001111000000000000111000000000000000000000000000000000000000000
111111111111111111111111111111101111111111111111111111111111110011111111111111111111111111111100
000000000000000000000000000000000111100000000000011100000000000000000000000000000000000000000000
111111111111111111111111111111101111111111111111111111111111110011111111111111111111111111111100
000000000000000000000000000000001110000000000011110000000000000000000000000000000000000000000000
111111111111111111111111111111101111111111111111111111111111110011111111111111111111111111111100
111111111111111111111111111111101111111111111111111111111111110011111111111111111111111111111100
111111111111111111111111111111101111111111111111111111111111110011111111111111111111111111111100
000000000000000000000000000000001000000000001111000000000000110000000000000000000000000000000000
111111111111111111111111111111101111111111111111111111111111110011111111111111111111111111111100
000000000000000000000000000000001000000000001111000000000000110000000000000000000000000000000000
111111111111111111111111111111101111111111111111111111111111110011111111111111111111111111111100
000000000000000000000000000000001000000000001111000000000000110000000000000000000000000000000000
111111111111111111111111111111101111111111111111111111111111110011111111111111111111111111111100
000000000000000000000000000000001000000000001111000000000000110000000000000000000000000000000000
111111111111111111111111111111101111111111111111111111111111110011111111111111111111111111111100
000000000000000000000000000000001000000000001111000000000000110000000000000000000000000000000000
111111111111111111111111111111101111111111111111111111111111110011111111111111111111111111111100
000000000000000000000000000000001000000000001111000000000000110000000000000000000000000000000000
111111111111111111111111111111101111111111111111111111111111110011111111111111111111111111111100
000000000000000000000000000000001000000000001111000000000000110000000000000000000000000000000000
000000110000000111000000000111101111000000011111111000000001110011101000000001111000000011100100
000000110000000111000000000111101111000000011111111000000001110011101000000001111000000011100100
111111111111111111111111111111101111111111111111111111111111110011111111111111111111111111111100
000000110000000111000000000111101111000000011111111000000001110011101000000001111000000011100100
111111111111111111111111111111101111111111111111111111111111110011111111111111111111111111111100
000000110000000111000000000111101111000000011111111000000001110011101000000001111000000011100100
111111111111111111111111111111101111111111111111111111111111110011111111111111111111111111111100
000000110000000111000000000111101111000000011111111000000001110011101000000001111000000011100100
111111111111111111111111111111101111111111111111111111111111110011111111111111111111111111111100
000000110000000111000000000111101111000000011111111000000001110011101000000001111000000011100100
111111111111111111111111111111101111111111111111111111111111110011111111111111111111111111111100
111100001111100000111111111000001001111110001111000101110000110000000000100000000000000000000000
111111111111111111111111111111101111111111111111111111111111110011111111111111111111111111111100
111100001111100000111111111000001001111110001111000101110000110000000000100000000000000000000000
111111111111111111111111111111101111111111111111111111111111110011111111111111111111111111111100
111100001111100000111111111000001001111110001111000101110000110000000000100000000000000000000000
111111111111111111111111111111101111111111111111111111111111110011111111111111111111111111111100
111100001111100000111111111000001001111110001111000101110000110000000000100000000000000000000000
111111111111111111111111111111101111111111111111111111111111110011111111111111111111111111111100
011000100010000010000001000000001000000010000001000000001000000010000000000000010000000110000000
010001001000001000001000000010000000010000001000000001000001000000000001000010000000011100000000
111111111111111111111111111111101111111111111111111111111111110011111111111111111111111111111100
