100100000001000000000000100000000000000000000000000000001000000000000000000000000000001000000000
101000000010000000000000000000000000000100000000000000000000000000000000100000000000010000001000
101100000100000000000100000000000000000000000000000001000000000000000000000000000000100000000000
100010001010000000000100000000000000100000000000000000000000000000000100000000000001000000010000
110001010001000000100010000000000000001000000000001000000000000000000000000000000010000000000000
110001000000100100000001000000100000000100000001000000100000000000000000000000001000000000000000
100000000000011000000000100000000000000010000100000000010000000000000000100000110000000001000000
100010000000011000000000010100000000000001000000000000001001000000000000010000000000010010000000
100000000000100100000000001000000000000000100000000000000100000000000000001100000000001100001100
000000100000000000000000000100000000000000010000000000000010000000000000000100000000000100000100
000000010000000000000000000010000000000000001000000000000001000000000000000010000000000011000000
000000001000000000000000000001000000000000000100000000000000100000000000000001010000000000100000
000000000000000000000000000000100000000000000010000000000000010000000000000000101000000000010000
000000000000000010000000000000001000000000000001000000000000000010000000000000000100000000000000
000000000000000001000000000000000100000000000000100000000000000001000000000000000010000000000000
000000000000000000100000000000000010000000000000010000000000000000100000000000000001000000000000
000000000000000000010000000000000001000000000000001000000000000000010000000000000000100000000000
000000000000000000001000000000000000100000000000000100000000000000001000000000000000000000000000
000000000000000000000000000000000000010000000000000010000000000000000100000000000000000000000000
000000000000000000000000000000000000000000000000000001000000000000000010000000000000000000000000
000000000000000000000000000000000000000000000000000000000000000000000001000000000000000000000000
