001101000000000000000000000000000000000000000000000000000000000000000000000000000000000000000000
011010000000000000000000000000000000000000000000000000000000000000000000000000000000000000000000
010101000000000000000000000000000000000000000000000000000000000000000000000000000000000000000000
001011000000000000000000000000000000000000000000000000000000000000000000000000000000000000000000
010110000000000000000000000000000000000000000000000000000000000000000000000000000000000000000000
011111000000000000000000000000000000000000000000000000000000000000000000000000000000000000000000
011011000011100000000000000000000000000000000000000000000000000000000000000000000000000000000000
011011000010100000000001110000000000000000000000000000000000000000000000000000000000000000000000
011011000010100000000001010000000000000011000000000000000000000000000000000000000000000000000000
101010000010100000000001010000000000000011000000000000000000000000000000000000000000000000000000
000100000010100000000001010000000000000011000000000000000000000000000000000000000000000000000000
000000000001000000000001010000000000000011000000000000000000000000000000000000000000000000000000
000000000000000000000001010000000000000010000000000000000000000000000000000000000000000000000000
000000000001000000000001000000000000000001000000000000000000000000000000000000000000000000000000
000000000001000000000000010000000000000010000000000000000000000000000000000000000000000000000000
000000000000000000000001010000000000000001000000000000000000000000000000000000000000000000000000
000000000001000000000001010000000000000011000000000000000000000000000000000000000000000000000000
000000000001000000000001010000000000000010100000000000001100000000000000000000000000000000000000
000000000001000000000001010000000000000010100000000000001010000000000000001100000000000000000000
000000000001000000000001010000000000000010100000000000001010000000000000001010000000000100000000
000000000000000000000000110000000000000010100000000000001010000000000000001010000000000100000000
000000000000000000000000000000000000000001100000000000001010000000000000001010000000000100000000
000000000000000000000000000000000000000000000000000000000110000000000000001010000000000100000000
000000000000000000000000000000000000000000000000000000000100000000000000000010000000000100000000
000000000000000000000000000000000000000000000000000000000010000000000000001000000000000100000000
000000000000000000000000000000000000000000000000000000000100000000000000001010000000000000000000
000000000000000000000000000000000000000000000000000000000110000000000000000000000000000100000000
000000000000000000000000000000000000000000000000000000000010000000000000001010000000000000000000
000000000000000000000000000000000000000000000000000000000110000000000000001010000000000100000000
000000000000000000000000000000000000000000110000000000000101000000000000001010000000000100000000
000000000000000000000000001100000000000000101000000000000101000000000000001010000000000100000000
000000000000010000000000001010000000000000101000000000000101000000000000001010000000000100000000
000000000000010000000000001010000000000000101000000000000101000000000000000110000000000000000000
000000000000010000000000001010000000000000101000000000000011000000000000000000000000000000000000
000000000000010000000000001010000000000000011000000000000000000000000000000000000000000000000000
000000000000010000000000000010000000000000010000000000000000000000000000000000000000000000000000
000000000000000000000000001010000000000000001000000000000000000000000000000000000000000000000000
000000000000010000000000000000000000000000011000000000000000000000000000000000000000000000000000
000000000000000000000000001010000000000000010000000000000000000000000000000000000000000000000000
000000000000010000000000001000000000000000001000000000000000000000000000000000000000000000000000
000000000000010000000000000010000000000000010000000000000000000000000000000000000000000000000000
000000000000000000000000001010000000000000001000000000000000000000000000000000000000000000000000
000000000000010000000000001010000000000000011000000000000000000000000000000000000000000000000000
000000000000010000000000001010000000000000010100000000000001100000000000000000000000000000000000
000000000000010000000000001010000000000000010100000000000001010000000000000001100000000000000000
000000000000010000000000001010000000000000010100000000000001010010000000000001010000000000000000
000000000000000000000000000110000000000000010100000000000001010010000000000001010000000000000000
000000000000000000000000000000000000000000001100000000000001010010000000000001010000000000000000
000000000000000000000000000000000000000000000000000000000000110010000000000001010000000000000000
000000000000000000000000000000000000000000000000000000000000100010000000000000010000000000000000
000000000000000000000000000000000000000000000000000000000000010000000000000001010000000000000000
000000000000000000000000000000000000000000000000000000000000100010000000000001000000000000000000
000000000000000000000000000000000000000000000000000000000000110000000000000000010000000000000000
000000000000000000000000000000000000000000000000000000000000010010000000000001000000000000000000
000000000000000000000000000000000000000000000000000000000000110010000000000001010000000000000000
000000000000000000000000000000000000000000000000000000000000110010000000000001001000000011000000
000000000000000000000000000000000000000000000000000000000000110010000000000001001000000010100100
000000000000000000000000000000000000000000000000000000000000110010000000000001001000000010111100
000000000000000000000000000000000000000000000000000000000000110010000000000001001011100010101100
000000000000000000000000000000000000000000000000000000000000110010001110000001001010100010101100
000000000000000000000000000000000000000000000000000110000000110010001010000001001010100010101100
000000000000000000000000000000000000000000000000000110000000000010001010000001101010100010101100
000000000000000000000000000000000000000000000000000110000000000000001010000000011010100010101100
000000000000000000000000000000000000000000000000000110000000000000001010000000000010100001101100
000000000000000000000000000000000000000000000000000110000000000000001010000000000010100000101000
000000000000000000000000000000000000000000000000000110000000000000001010000000000010100000010000
000000000000000000000000000000000000000000000000000110000000000000001010000000000001000000000000
000000000000000000000000000000000000000000000000000110000000000000000000000000000001000000000000
000000000000000000000000000000000000000000000000000010000000000000001010000000000000000000000000
000000000000000000000000000000000000000000000000000100000000000000000010000000000001000000000000
000000000000000000000000000000000000000000000000000010000000000000001000000000000001000000000000
000000000000000000000000000000000000000000000000000100000000000000001010000000000000000000000000
000000000000000000000000000000000000000000000000000110000000000000001010000000000001000000000000
000000000000000000000000000000000000000000000000000111000000000000001001000000000001100000000000
000000000000000000000000000000000000000000000000000111100000000000001000100000000001110000000000
000000000000000000000000000000000000000000000000000111110000000000001000010000000001110000000000
000000000000000000000000000000000000000000000000000011110000000000000100010000000001110000000000
000000000000000000000000000000000000000000000000000001110000000000000010010000000000110000000000
000000000000000000000000000000000000000000000000000000110000000000000001010000000000010000000000
000000000000000000000000000000000000000000000000000000010000000000000001010000000000000000000000
000000000000000000000000000000000000000000000000000000100000000000000000010000000000010000000000
000000000000000000000000000000000000000000000000000000010000000000000001000000000000010000000000
000000000000000000000000000000000000000000000000000000100000000000000001010000000000000000000000
000000000000000000000000000000000000000000000000000000110000000000000000000000000000010000000000
000000000000000000000000000000000000000000000000000000110000000000000001010000000000010000000000
000000000000000000000000000000000000000000000000000000110000000000000001010000000000010000000000
000000000000000000000000000000000000000000000000000000110000000000000001010000000000010000000000
000000000000000000000000000000000000000000000000000000110000000000000001010000000000010000000000
