000000000000000000000000000000100000000000000000000000000000000000000000000000000000000000000000
000000000000000110000000000001001000000000000010000000000000000000000000000000000000000000000000
000000100000001000000000000000000100000000000101000000000000000000000000000000000000000000000000
000010010000000000000000000000000000000000001000010000000000000010000000000000000000000000000000
010000000000010000000000000000000010000000000000000000000000100001000000000000000000000000000000
100000000000000000100000000100000000000000000000000000000000000000100000000000100000000000000000
000010010000000000000000000000000000000000001000010000000000000010000000000000000000000000000000
010000000000010000000000000000000010000000000000000000000000100001000000000000000000000000000000
100000000000000000100000000100000000000000000000000000000000000000100000000000100000000000000000
000010010000000000000000000000000000000000001000010000000000000010000000000000000000000000000000
000100000000000000010000000000000000000000010000000000000000000000010000000000010000000000000000
000000000010000000000000000000000000100000100000000000000000000000000000000000000010000010000000
000000000000000000000010000000000000000001000000000010000000000000000000000000000000000100010000
000000000000000000000000000000000000001010000000000000000000000000000010001000000000000000001000
000000000000000000000000000000000000000000000000000000110000000000000001010000000000010000000000
000000000000000000000000000000000000000000000000000000000000000000000000100000000000000000000000
000000000000000000000000000000000000000000000000000000110000000000000001010000000000010000000000
000000000000000000000000000000000000001010000000000000000000000000000010001000000000000000001000
000000000000000000000010000000000000000001000000000010000000000000000000000000000000000100010000
000000000010000000000000000000000000100000100000000000000000000000000000000000000010000010000000
000100000000000000010000000000000000000000010000000000000000000000010000000000010000000000000000
000010010000000000000000000000000000000000001000010000000000000010000000000000000000000000000000
000000100000001000000000000000000100000000000101000000000000000000000000000000000000000000000000
000000000000000110000000000001001000000000000010000000000000000000000000000000000000000000000000
