000000000000000000000000000000000000011000000000000000000000000000000000000000000000000000000000
000000000000000000000000000000000000100100000000000000000000000000000000000000000000000000000000
000000000000000000000000000000000001000010000000000000000000000000000000000000000000000000000000
000000000000000000000000000000000010000001000000000000000000000000000000000000000000000000000000
000000000000000000000000000000000100000000100000000000000000000000000000000000000000000000000000
000000000000000000000000000000001000000000010000000000000000000000000000000000000000000000000000
000000000000000000000000000000000000000000001010000000000000000000000000000000000000000000000000
000000000000000000000000000000000000000000000100000000000000000000000000000000000000000000000000
000000000000000000000000000000000000000000001010000000000000000000000000000000000000000000000000
000000000000000000000000000000001000000000010000000000000000000000000000000000000000000000000000
000000000000000000000000000000000100000000100000000000000000000000000000000000000000000000000000
000000000000000000000000000000000010000001000000000000000000000000000000000000000000000000000000
000000000000000000000000000000000001000010000000000000000000000000000000000000000000000000000000
000000000000000000000000000000000000100100000000000000000000000000000000000000000000000000000000
