101000000000000000000000000000000011111110000000000000000000000000000000000000000001100000010000
000000000000000000000000000000000000100100000000000000000000000000000000000000000000000000000000
000000000000000000000000000000000001000010000000000000000000000000000000000000000000000000000000
000000000000000000000000000000000010000001000000000000000000000000000000000000000000000000000000
000000000000000000000000000000000100000000100000000000000000000000000000000000000000000000000000
000000000000000000000000000000001000000000010000000000000000000000000000000000000000000000000000
000000000000000000000000000000000000000000001010000000000000000000000000000000000000000000000000
000000000000000000000000000000000000000000000100000000000000000000000000000000000000000000000000
000000000000000000000000000000000000000000001010000000000000000000000000000000000000000000000000
000000000000000000000000000000001000000000010000000000000000000000000000000000000000000000000000
000000000000000000000000000000000100000000100000000000000000000000000000000000000000000000000000
000000000000000000000000000000000010000001000000000000000000000000000000000000000000000000000000
000000000000000000000000000000000001000010000000000000000000000000000000000000000000000000000000
000000000000000000000000000000000000100100000000000000000000000000000000000000000000000000000000
000000000000000000000000000000000000011000000000000000000000000000000000000000000000000000000000
000000000000000000000000000000000000100100000000000000000000000000000000000000000000000000000000
000000000000000000000000000000000001000010000000000000000000000000000000000000000000000000000000
000000000000000000000000000000000010000001000000000000000000000000000000000000000000000000000000
000000000000000000000000000000000100000000100000000000000000000000000000000000000000000000000000
000000000000000000000000000000001000000000010000000000000000000000000000000000000000000000000000
000000000000000000000000000000000000000000001010000000000000000000000000000000000000000000000000
000000000000000000000000000000000000000000000100000000000000000000000000000000000000000000000000
000000000000000000000000000000000000000000001010000000000000000000000000000000000000000000000000
000000000000000000000000000000001000000000010000000000000000000000000000000000000000000000000000
000000000000000000000000000000000100000000100000000000000000000000000000000000000000000000000000
000000000000000000000000000000000010000001000000000000000000000000000000000000000000000000000000
000000000000000000000000000000000001000010000000000000000000000000000000000000000000000000000000
000000000000000000000000000000000000100100000000000000000000000000000000000000000000000000000000
000000000000000000000000000000000000011000000000000000000000000000000000000000000000000000000000
000000000100000000000100000000000000111100000000000001000000000000000000000000000000100000000000
001000000100000000000100000000000001111110000000000001000000000000000000000000000000100000000000
101000000100000000000100000000000011111111000000000001000000000000000000000000000000100001000000
101000000100001000000100000000000111111111100000000001000000000000000000000000010000100001000000
101000000100001000000100000000001111111111110000000001000000000000000000000000110000100001000000
101000000100001000000000000000001111100111111110000000000000000000000000000000110000100001000000
101000000000001000000000000000001111000011111110000000000000000000000000000000110000000001000000
100000000000001000000000000000001110000001111110000000000000000000000000000000110000000001000000
000000000000001000000000000000001100000000111110000000000000000000000000000000110000000001000000
000000000000001000000000000000001000000000011110000000000000000000000000000000110000000000000000
000000000000001000000000000000000000000000001110000000000000000000000000000000100000000000000000
000000000000000000000000000000000000000000000100000000000000000000000000000000000000000000000000
000000000000000000000000000000000000000000001010000000000000000000000000000000000000000000000000
000000000000000000000000000000001000000000010000000000000000000000000000000000000000000000000000
000000000000000000000000000000000100000000100000000000000000000000000000000000000000000000000000
000000000000000000000000000000000010000001000000000000000000000000000000000000000000000000000000
000000000000000000000000000000000001000010000000000000000000000000000000000000000000000000000000
000000000000000000000000000000000000100100000000000000000000000000000000000000000000000000000000
000000000000000000000000000000000000100100000000000000000000000000000000000000000000000000000000
