001000000110000000000101000000000000001100000000000000100000000000000011000000000000100000000000
010000010000000000101000000000000001100000000000000100000000000000000011000000000000100000000000
000001000000000101000000000000101100000000000000100000000000000000111111000000000000100000000000
000010000000010000000000000101000000000000001100000000000000100000000011000000110000100001110000
000100000001000000000000101000000000000001100000000000000100000000000011111000000000100000000000
000000000000000000000000000000000000000010000000000000010000000000000011101000000000111000001000
000000000000000000000000000000000000010000000000000010000000000000000111000000000001100000010000
000000000000000000000000000000000010000000000000010000000000000000101011000000000110100000110000
000000000000000000000000000000000000000000000010000000000000010001000011000000111000100001001100
000000000000000000000000000000000000000000010000000000000010000000000011000101000000100110001100
000000000000000000000000000000000000000000000000000000000000000000000011000000000000100000000000
000000000000000000000000000000000000000000000000000000000000000000000011000000000000100000000000
000000000000000000000000000000000000000000000000000000000000000000000011000000000000100000000000
000000000000000000000000000000000000000000000000000000000000000000000011000000000000100000000000
011111010111010101101101101101101101101101101100100100100100100000111111111000110000100001110000
000000000000000000000000000000000000000000000000000000000000000000000000000000000000000000000000
000000000000000000000000000000000010010010010010010010010010010001101111101101111111111111111100
000000000000000000000000000000000000000000000000000000000000000000000000000000000000000000000000
011111010111010101101101101101101111111111111110110110110110110001111111111101111111111111111100
