000000000000000000001010000000000000111000000000000101000000000000000000000000000000000000000000
000000000000000000001010000000000000111000000000000101000000000000000000000000000000000000000000
000000000000000000001010000000000000111000000000000101000000000000000000000000000000000000000000
000000000000000000001010000000000000111000000000000101000000000000000000000000000000000000000000
000000000000000000001010000000000000111000000000000101000000000000000000000000000000000000000000
000000000000000000001010000000000000111000000000000101000000000000000000000000000000000000000000
000000000000000000001010000000000000111000000000000101000000000000000000000000000000000000000000
000000000000000000001010000000000000111000000000000101000000000000000000000000000000000000000000
000000000000000000001010000000000000111000000000000101000000000000000000000000000000000000000000
000000000000000000001100000000000000101000000000000011000000000000000000000000000000000000000000
000000000000000000001100000000000000101000000000000011000000000000000000000000000000000000000000
000000000000000000001100000000000000101000000000000011000000000000000000000000000000000000000000
000000000000000000001100000000000000101000000000000011000000000000000000000000000000000000000000
000000000000000000001100000000000000101000000000000011000000000000000000000000000000000000000000
000000000000000000001100000000000000101000000000000011000000000000000000000000000000000000000000
000000000000000000001100000000000000101000000000000011000000000000000000000000000000000000000000
000000000000000000001100000000000000101000000000000011000000000000000000000000000000000000000000
000000000000000000001100000000000000101000000000000011000000000000000000000000000000000000000000
000000000000000000001100000000000000101000000000000011000000000000000000000000000000000000000000
000000000000000000010010000000000000111000000000000011000000000000000000000000000000000000000000
000000000000000000010010000000000000111000000000000011000000000000000000000000000000000000000000
000000000000000000010010000000000000111000000000000011000000000000000000000000000000000000000000
000000000000000000010010000000000000111000000000000011000000000000000000000000000000000000000000
000000000000000000010010000000000000111000000000000011000000000000000000000000000000000000000000
000000000000000000010010000000000000111000000000000011000000000000000000000000000000000000000000
000000000000000000010010000000000000111000000000000011000000000000000000000000000000000000000000
000000000000000000010010000000000000111000000000000011000000000000000000000000000000000000000000
000000000000000000010010000000000000111000000000000011000000000000000000000000000000000000000000
000000000000000000010010000000000000111000000000000011000000000000000000000000000000000000000000
000000000100000000001010000000000000111100000000000100010000000000001000010000000000000000000000
000000000100000000001010000000000000111100000000000100010000000000001000010000000000000000000000
000000000100000000001010000000000000111100000000000100010000000000001000010000000000000000000000
000000000100000000001010000000000000111100000000000100010000000000001000010000000000000000000000
000000000100000000001010000000000000111100000000000100010000000000001000010000000000000000000000
000000000100000000001010000000000000111100000000000100010000000000001000010000000000000000000000
000000000100000000001010000000000000111100000000000100010000000000001000010000000000000000000000
000000000100000000001010000000000000111100000000000100010000000000001000010000000000000000000000
000000000100000000001010000000000000111100000000000100010000000000001000010000000000000000000000
000000000100000000001010000000000000111100000000000100010000000000001000010000000000000000000000
000000001010000000001010000000000000011000000000000010100000000000000100100000000000000000000000
000000001010000000001010000000000000011000000000000010100000000000000100100000000000000000000000
000000001010000000001010000000000000011000000000000010100000000000000100100000000000000000000000
000000001010000000001010000000000000011000000000000010100000000000000100100000000000000000000000
000000001010000000001010000000000000011000000000000010100000000000000100100000000000000000000000
000000001010000000001010000000000000011000000000000010100000000000000100100000000000000000000000
000000001010000000001010000000000000011000000000000010100000000000000100100000000000000000000000
000000001010000000001010000000000000011000000000000010100000000000000100100000000000000000000000
000000001010000000001010000000000000011000000000000010100000000000000100100000000000000000000000
000000001010000000001010000000000000011000000000000010100000000000000100100000000000000000000000
000000001010000000001010000000000000011000000000000010100000000000000100100000000000000000000000
