000000000000011000000000000010000000000000000000000000000000100000000000000000000000000000000000
000000000000001100000000000001100000000000000000000000000000000000000000000000000000000000000000
000000100000000110000000000000001000000000000000000000000000000000000000000000000000000000000000
000000110000000011000000000000000100000000000000000000000000000000000000000000000000000000000000
000000011000000000110000000000000000000000000000000000000000000000000000000000000000000000000000
000000001100000010001000000000000000000000000000000000000000000000000000000000000000000000000000
000000000110000000000010000000100000000000000000000000000000000000000000000000000000000000000000
000000000011000000000001000001000000000000000000000000000000000000110000000000000100000000000000
000000000001100000000000010000000000000000001110000000000000000000000000000000000000000000000000
111111111111111111111110111111101111111111111111111111111111110011111110111111111111111111111100
011000010010000000011110000000000000000000000000000000000000000000000000000000000000000000000000
000000000000111000000000001000000000000000000000011000000000000000011000000000001111101001001100
000000000000111000000000001000000111000000000000011000000000000000110000000000001110000000000000
101111000011111000000001011000000111000011100000111100000000000000110000000000001111000001110000
100111000001111000000000011000000111000001100000011000000000000000110000000000001110000000000000
000000000000111000000000001000000111000000000000011000000000000000110000000000001110000000000000
000000000000000011100000000000101110000111100001111000011100000000000000111100000000000000000000
111111001111101000001111111010000000011011111000000001101001000000000001110010000000011100000000
111111111000111111100111101111101110011110011111111001111001110011110000000001111100000000000000
111100000000000011111111111111100000000000000000000000000000000000000000000000000000000000000000
