000000000000000000000000000000000100100100100101001001001001000000000000000000000000000000000000
000000000000000000000000000000000010010010010010100100100100100000000000000000000000000000000000
000000000000000000000000000000000100100100100101001001001001000000000000000000000000000000000000
000000000000000000000000000000000010010010010010100100100100100000000000000000000000000000000000
000000000000000000000000000000000100100100100101001001001001000000000000000000000000000000000000
000000000000000000000000000000000010010010010010100100100100100000000000000000000000000000000000
000000000000000000000000000000000100100100100101001001001001000000000000000000000000000000000000
000000000000000000000000000000000010010010010010100100100100100000000000000000000000000000000000
000000000000000000000000000000000100100100100101001001001001000000000000000000000000000000000000
000000000000000000000000000000000010010010010010100100100100100000000000000000000000000000000000
000000000000000000000000000000001111111111111111111111111111110000000000000000000000000000000000
000000000000000011111111111111101111111111111111111111111111110011111111111111100000000000000000
000000111111111111111111111111101111111111111111111111111111110011111111111111111111111110000000
011111111111111111111111111111101111111111111111111111111111110011111111111111111111111111111100
111111111111111111111111111111101111111111111111111111111111110011111111111111111111111111111100
