000000000000011000000000000010000000000000000000000000000000000000000000000000000000000000000000
000000000000001100000000000001100000000000000000000000000000000000000000000000000000000000000000
000000100000000110000000000000001000000000000000000000000000000000000000000000000000000000000000
000000110000000011000000000000000100000000000000000000000000000000000000000000000000000000000000
000000011000000000110000000000000000000000000000000000000000000000000000000000000000000000000000
000000001100000010001000000000000000000000000000000000000000000000000000000000000000000000000000
000000000110000000000010000000100000000000000000000000000000000000000000000000000000000000000000
000000000000000000000000000000001111111111111111111111111111110000000000000000000000000000000000
000000000001100000000000010000000000000000001110000000000000000000000000000000000000000000000000
111111111111111111111110111111101111111111111111111111111111110011111110111111111111111111111100
011000010010000000011110000000000000000000000000000000000000000000000000000000000000000000000000
000000000000111000000000001000000000000000000000011000000000000000011000000000001111101001001100
000000000000111000000000001000000111000000000000011000000000000000110000000000001110000000000000
101111000011111000000001011000000111000011100000111100000000000000110000000000001111000001110000
100111000001111000000000011000000111000001100000011000000000000000110000000000001110000000000000
000000000000111000000000001000000111000000000000011000000000000000110000000000001110000000000000
000000000000000011100000000000101110000111100001111000011100000000000000111100000000000000000000
111111001111101000001111111010000000011011111000000001101001000000000001110010000000011100000000
111111111000111111100111101111101110011110011111111001111001110011110000000001111100000000000000
111100000000000011111111111111100000000000000000000000000000000000000000000000000000000000000000
110001000000000000000000000010000110010011001100010011001000000000000000000000000000000000000000
111001111100100110100100000000100000011000100011001001000000010010000010000100001011100101110100
000000000000000000110110011000000011111101110000001101100110000000000000000000000011100000111000
101011000100001000000100000000001111111111111110000001000000000000000000000000110000100001111100
111110001111100110000000010001001111111111111111100000000000010011000000000000111000111001111000
111001000000000000000000000000001111111111111111111111111111110000000000000000000000000000000000
111111000111111100000011000000000000000000000000000000000000000000000000000000010000000000111100
110100010001000000100000100000000001000010000001111111111111110000000111100000000000000000000000
111111111111111111111111111111101111111111111110000000000000000000000000000000000000000000000000
111111111111111111111111111111101111111111111111111111111111110011111111110111111111111111111100
100001000010000111111111111111100000000100000001000000000000000000000000100000001000010000001000
000101000011001100011000000000000000100000000000000000000000000000000000000011001000000011100000
101111000111111100000111000011101000011100000111100011100000010011111111000000001111100000110000
100011000000010011001110001111000100111000011110000000000000000000000000011000000010001000110000
100011000000010011001110001111000100111000011110000000000000000000000000011000000010001000110000
000000000000000000000000000000000000000000000000000000000000000000000000000000000000000000000000
000000000000000000000000000000000000000000000000000000000000000000000000000000000000000000000000
100011000000010011001110001111000100111000011110000000000000000000000000011000000010001000110000
100011000000010011001110001111000100111000011110000000000000000000000000011000000010001000110000
100011000000010011001110001111000100111000011110000000000000000000000000011000000010001000110000
000000000000000000000000000000000000000000000000000000000000000000000000000000000000000000000000
100011000000010011001110001111000100111000011110000000000000000000000000011000000010001000110000
000000000000000000000000000000000000000000000000000000000000000000000000000000000000000000000000
000000000000000000000000000000000000000000000000000000000000000000000000000000000000000000000000
000000000000000000000000000000000000000000000000000000000000000000000000000000000000000000000000
100011000000010011001110001111000100111000011110000000000000000000000000011000000010001000110000
000000000000000000000000000000000000000000000000000000000000000000000000000000000000000000000000
000000000000000000000000000000000000000000000000000000000000000000000000000000000000000000000000
000000000000000000000000000000000000000000000000000000000000000000000000000000000000000000000000
100011000000010011001110001111000100111000011110000000000000000000000000011000000010001000110000
110110011000100000010000000000000000000000000000000000000000000000000000000000000000000000000000
110111111000111001110000001110000011100000011000001100000011100000011100000111000111001111111100
000000000000000000000000000000000000000000010000000000000000000000000000000000000000000000000000
000000000000000000000000000000000000000000010000000000000000000000000000000000000000000000000000
000000000000000000000000000000000000000000010000000000000000000000000000000000000000000000000000
000000000000000000000000001100000000000000111000000000000011000000000000000000000000000000000000
000000000000000000000000001100000000000000111000000000000011000000000000000000000000000000000000
000000000000000000000000000000000000000000000000000000000000000000000000000000000000000000000000
000000000000000000000000001100000000000000111000000000000011000000000000000000000000000000000000
000000000000000000000000001100000000000000111000000000000011000000000000000000000000000000000000
000000000000000000000000001100000000000000111000000000000011000000000000000000000000000000000000
000000000000000000000000001100000000000000111000000000000011000000000000000000000000000000000000
000010000000101000000000010001000000000001000011000000001000000011111000010000000001110000000000
000010000000101000000000010001000000000001000011000000001000000011111000010000000001110000000000
011000000010100000000001100000000000001110000000000000000000000000000000000000000000000000000000
011000000010100000000001100000000000001110000000000000000000000000000000000000000000000000000000
011000000010100000000001100000000000001110000000000000000000000000000000000000000000000000000000
011000000010100000000001100000000000001110000000000000000000000000000000000000000000000000000000
