000000000000000000001000000000000000000010010000000000000000000000000000000000000000000000000000
000000000000000000000100000000000000000000000000000000001001000000000000000000000000000000000000
000000000000000000000000000000000000001000000000000000000000000000000000001001000000000000000000
000000000000000000000000000000000000000000000000000000100000000000000000000000010000000100000000
000000000000000000000000000000000000000000000000000000000000000000000000100000001000000010000000
000000000000000000000000000000000000000000000000000000000000000000000000000000000100010001000000
000000000000000000000000000000000000000000000000000000000000000000010000000000000000000000101000
000000000000000000000000000000000000000000000000001000000000000000000000000000000000000000000000
100000000000000000000000000000000001000000000000000000000000000000000000000000000000000000100000
000001000000010000010000000000000000000000000000000000000000000000000000000000000100000000000000
000001001000000100000000000010000000000000000000000000000000000000100000000000000000010000000000
001000000000001000000000000000100000000000001000010000000000000000000000000000000000001000000000
000100000000000000000000000010000010000000010010000000000000000000000000000000000000000100000000
000000000000100000100000001000000000000000000100000000000000010000000000000000000000000010000000
000000000000000000010000000000000000000000000000000000000000010000000000000000110000000000000000
000000000000000000000000000000000000000000000001000000000000000000000000000001001000000000000000
000000000000000000000000000000000000000000000000100000000000000000000000000010000100000000000000
000000000000000000000000000000000100000000000000000000000000000000000000000100000010000000000000
000000000000000001000000000000000000000000000000000000000100000000000000000000000001000000000000
000000100000000000000000000000000000000001000000000000000000000000000000000000000000100000000000
000000000000000000000000100000000000000000000000000000000000000000000000000000000000000000000000
000000000001000000000000000000000000000000000000000000000000000000000000000000000000000000000000
100100000000000000000000000000000000000000000000000000000000000000000000000000000000000000000000
000010000000000000000000000000000000000010000000000000000000000000000000000000000000000000000000
000000000000010000000000000000000000000000000000000000001000000000000000000000000000000000000000
000000000000000000000000000100000000000000000000000000000000000000000000001000000000000000000000
000000000000000000000000000000000000000000001000000000000000000000000000000000000000000100000000
000000000000000000000000000000000000000000000000000000000000100000000000000000000000000010000000
000000000000000000000000000000000000000000000000000000000000000000000000000000110000000000000000
000000000000000000000000000000000000000000000000000000000000000010000000000000000000000000000000
000000000000000000000000000000000000000000000001000000000000000001000000000000000000000000000000
000000000000000000000000000000001000000000000000000000000000000000100000000000000000000000000000
000000000000000010000000000000000000000000000000010000000000000000000000000000000000000000000000
000000100000000000000000000000000010000000000000000000000000000000000000000000000000000000000000
010000000000000000100000000000000000000000000000000000000000000000000000000000000000000000000000
001000010000000000000000000000000000000000000000000000000000000000000000000000000000000000000000
010000000010000000000000000000000000000000000000000000000000000000000000000000000000000000000000
000000000000000000000001000000000000000000000000000000000000000000000000000000000000000000000000
