000010000000000000000000000000000000000000000000000000000000000000000000000000000000000000000000
000000000000010000000000000000000000000000000000000000000000000000000000000000000000000000000000
100000000000000000000000000100000000000000000000000000000000000000000000000000000000000000000000
000001000000000000000000000000000000000000001000000000000000000000000000000000000000000000000000
000000000000000100000000000000000000000000000000000000000000100000000000000000000000000000000000
000000000000000000000000000000100000000000000000000000000000000000000000000000100000000000000000
000000000000000000000000000000000000000000000010000000000000000010000000000000000000000000000000
000000000000000000000000000000000000000000000000000000000000010001000000000000000000000000000000
000000000000000000000000000000000000000000000000000000000000000000100000000000100000000000000000
000000000000000000000000000000000000000000000000010000000000000000000000000001000000000000000000
000000000000000000000000000000000010000000000000000000000000000000000000000010000000000000000000
000000000000000000100000000000000000000000000000000000000000000000000000000100000000000000000000
000000010000000000000000000000000000000000000000000000000100000000000000000000000000000000000000
010000000000000000000000000000000000000001000000000000000000000000000000000000000000000000000000
100000000000000000000000100000000000000000000000000000000000000000000000000000000000000000000000
000010000001000000000000000000000000000000000000000000000000000000000000100000000000000000000000
000100000000010000000000000000000000000000000000000000000000000000000000010000000000000000000000
000010000000010000000000000000000000000000000000000000000000000000000000001000000000000000000000
000000000000001000000000000000000000000000010000000000000000000000000000000100000000000000000000
000000000000000000000000000001000000000000000000000000000001000000000000000010000000000000000000
000000000000000000000000000000000000000000000010000000000000000000000000000001000000000000000000
000000000000000000000000000000000000000000000000000000000000010000000000000000110000000000000000
000000000000000000000000000000000000000000000000000000000000000010000000000000101000000000000000
000000000000000000000000000000000000000000000000000000000000000001000000000001000100000000000000
000000000000000000000000000000000000000000000000000000000000000000110000000010000000000000000000
000000000000000000000000000000000000000000000000001000000000000000010000000100000000000000000000
000000000000000000000000000000000001000000000000000000000100000000001000000000000000000000000000
000000000000000000010000000000000000000001000000000000000000000000000100000000000000000000000000
000000001000000000000000010000000000000000000000000000000000000000000010000000000000000000000000
001000000000100000000000000000000000000000000000000000000000000000000001000000000000000000000000
000100000000000000000000000000000000000000000000000000000000000000000000000000000000000000000000
