000000000000000000000000000000000000010000000000000000000000000000000000000000000000000000000000
000000000000000000001100000000000000101000000000000011000000000000000000000000000000000000000000
000000001100000000000000000000000001000100000000000000000000000000000101000000000000000000000000
010000000010000000000000000000000010000010000000000000000000000000000000000000000001010000000000
000101000000000000000000000000000100000001000000000000000000000000000000000000000010001000000000
000000000000101000000000000000001000000000100000000000000000000000000000000000000100000100000000
000000000000101000000000000000001000000000100000000000000000000001000000000000000000000100000000
000000000000011000000000000000000000000000010010000000000000000010000000000010000000000000000000
000000000000000000000000000111000000000000010010000000000001010000000000000001100000000000000000
000000000000000000000000000111000000000000010010000000000001010000000000000001100000000000000000
000000000000000000000000000010000000000000001100000000000001110000000000000000000000000000000000
000000000000000000000000000010000000000000001100000000000001110000000000000000000000000000000000
