000000100000000000000000000000000000000000000000000000000000000000000000000000000000000000000000
000000010000000000000000000000000000000000000000000000000000000000000000000000000000000000000000
000000000000000000010000000000000000000000000000000000000000000000000000000000000000000000000000
000000000000000000000000000000000000100000000000000000000000000000000000000000000000000000000000
000000000000000000000000000000000000000000000000000010000000000000000000000000000000000000000000
000000000000000000000000000000000000000000000000000000000000000000000010000000000000000000000000
000000000000000000000000000000000000000000000000000000000000000000000000000000000000100000000000
000000000000000000000000000000000000000000000000000000000000000000000000000000000000000000001000
000000000000000000000000000000000000000000000000000000000000000000000000000000000000000000000100
000000000000000000000000000000000000000000000000000000000000000000000000000000000000000010000000
000000000000000000000000000000000000000000000000000000000000000000000000000001000000000000000000
000000000000000000000000000000000000000000000000000000000000100000000000000000000000000000000000
000000000000000000000000000000000000000000000100000000000000000000000000000000000000000000000000
000000000000000000000000000001000000000000000000000000000000000000000000000000000000000000000000
000000000000000100000000000000000000000000000000000000000000000000000000000000000000000000000000
