111111111111111111111111111111101111111111111111111111111111110011111111111111111111111111111100
111111111111111111111111111111101111111111111111111111111111110011111111111111111111111111111100
000000000000000000000000000000000000000000000000000000000000000000000000000000000000000000000000
111111111111111111111111111111101111111111111111111111111111110011111111111111111111111111111100
000000000000000000000000000000000000000000000000000000000000000000000000000000000000000000000000
111111111111111111111111111111101111111111111111111111111111110011111111111111111111111111111100
111111111111111111111111111111101111111111111111111111111111110011111111111111111111111111111100
000000000000000000000000000000000000000000000000000000000000000000000000000000000000000000000000
000000000100000000001110000001101000011000000111000000000000010000000000011000000000011100001100
000000100000000111000110000000101100011100000000000001100000000000000000000000000000001111001100
000000000000000001100000000000000111000000000000011000001100000000000000011100001110001101110000
111111111111111111111111111111101111111111111111111111111111110011111111111111111111111111111100
111111111111111111111111111111101111111111111111111111111111110011111111111111111111111111111100
000000000000000000000000000000000000000000000000000000000000000000000000000000000000000000000000
111111111111111111111111111111101111111111111111111111111111110011111111111111111111111111111100
000000000000000000000000000000000000000000000000000000000000000000000000000000000000000000000000
111111111111111111111111111111101111111111111111111111111111110011111111111111111111111111111100
111111111111111111111111111111101111111111111111111111111111110011111111111111111111111111111100
000000000000000000000000000000000000000000000000000000000000000000000000000000000000000000000000
000000000100000000001110000001101000011000000111000000000000010000000000011000000000011100001100
000000100000000111000110000000101100011100000000000001100000000000000000000000000000001111001100
000000000000000001100000000000000111000000000000011000001100000000000000011100001110001101110000
111111111111111111111111111111101111111111111111111111111111110011111111111111111111111111111100
011111000000000000000000000000000000000000000000000000000000000000000000000000000000000000000000
000000111111111100000000000000000000000000000000000000000000000000000000000000000000000000000000
000000000000000011111111111111100000000000000000000000000000000000000000000000000000000000000000
000000000000000000000000000000001111111111111110000000000000000000000000000000000000000000000000
000000000000000000000000000000000000000000000001111111111111110000000000000000000000000000000000
000000000000000000000000000000000000000000000000000000000000000011111111111111100000000000000000
000000000000000000000000000000000000000000000000000000000000000000000000000000011111111110001000
000000000000000000000000000000000000000000000000000000000000000000000000000000000000000001111100
000000000000000000000000000000000000000000000000000000000000000000000000000000011111111110001000
000000000000000000000000000000000000000000000000000000000000000011111111111111100000000000000000
000000000000000000000000000000000000000000000001111111111111110000000000000000000000000000000000
000000000000000000000000000000001111111111111110000000000000000000000000000000000000000000000000
000000000000000011111111111111100000000000000000000000000000000000000000000000000000000000000000
000000111111111100000000000000000000000000000000000000000000000000000000000000000000000000000000
011111000000000000000000000000000000000000000000000000000000000000000000000000000000000000000000
111111000000000000000000000000000000000000000000000000000000000000000000000000000000000000000000
111111000000000000000000000000000000000000000000000000000000000000000000000000000000000000000000
111111000000000000000000000000000000000000000000000000000000000000000000000000000000000000000000
