111111111111111111011011011011000100100100100100000000000000000000000000000000000000000000000000
000000000000000000000000000000000100100100100100000000000000000000000000000000000000000000000000
000000000000000000000000000000000010010010010010000000000000000000000000000000000000000000000000
000000000000000000000000000000001001001001001000000000000000000000000000000000000000000000000000
000000000000000000000000000000000100100100100100000000000000000000000000000000000000000000000000
000000000000000000000000000000000010010010010010000000000000000000000000000000000000000000000000
000000000000000000000000000000001001001001001000000000000000000000000000000000000000000000000000
000000000000000000000000000000000100100100100100000000000000000000000000000000000000000000000000
000000000000000000000000000000000010010010010010000000000000000000000000000000000000000000000000
000000000000000000000000000000001001001001001000000000000000000000000000000000000000000000000000
000000000000000000000000000000001001001001001000000000000000000000000000000000000000000000000000
000000000000000000000000000000000000000000000000100100100100100000000000000000000000000000000000
000000000000000000000000000000000000000000000000000000000000000000100100100100100000000000000000
000000000000000000000000000000000000000000000000000000000000000000000000000000010101010100000000
000000000000000000000000000000000000000000000000000000000000000000000000000000010101010101111100
000000000000000000000000000000000000000000000000000000000000000000000000000000000000000001111100
