110110010011011000000000000000000000000000000000000000000000000000000000000000000000000000000000
110100011001001000000000000000000000000000000000000000000000000000000000000000000000000000000000
000101001001100100000000000000000000000000000000000000000000000000000000000000000000000000000000
001001100100100100000000000000000000000000000000000000000000000000000000000000000000000000000000
001010100110010000000000000000000000000000000000000000000000000000000000000000000000000000000000
010010110010011000000000000000000000000000000000000000000000000000000000000000000000000000000000
010100010011001000010001000011000000000000000000000000000000000000000000000000000000000000000000
000101001001001100011000110001100000000000000000000000000000000000000000000000000000000000000000
001001001100100110001100011000100000000000000000000000000000000000000000000000000000000000000000
000000100100110011001110001100000000000000000000000000000000000000000000000000000000000000000000
000000110110010001100110001110000000000000000000000000000000000000000000000000000000000000000000
000000010010011001110011000110000000000000000000000000000000000000000000000000000000000000000000
000000011001001000110001100011000000000000000000000000000000000000000000000000000000000000000000
000000001001100100011000110001101000110001100010000000000000000000000000000000000000000000000000
000000100100100110001100011000101100011000110000000000000000000000000000000000000000000000000000
000000100110110011000110001100001110011100111000000000000000000000000000000000000000000000000000
000000010000010001100011000110000110001100011000000000000000000000000000000000000000000000000000
000000010001000000110001100011000001000110001100000000000000000000000000000000000000000000000000
000000000000000000011000110001100001100011000110000000000000000000000000000000000000000000000000
000000000000000010001100011001101000110001100010000000000000000000000000000000000000000000000000
000000000000000010001110001100101100011000110001110011100111000000000000000000000000000000000000
000000000000000011000110001110000110001100011000110001100011000000000000000000000000000000000000
000000000000000001100011000110000011000110001100011000110001100000000000000000000000000000000000
000000000000000000100000100000000001100011000110000100011000110000000000000000000000000000000000
000000000000000000000000100000101000110001100011000110001100010000000000000000000000000000000000
000000000000000000000000000000001100111001110011100011000110000000000000000000000000000000000000
000000000000000000000000000000001100011000110000110001100011000000100000000100000000000000000000
000000000000000000000000000000000110001100011000011000110001100000100000100000000000000000000000
000000000000000000000000000000000001000110001100000100011000110000000000110001100000000000000000
000000000000000000000000000000000001100011000111000110001100010010000100011000100000000000000000
000000000000000000000000000000001000110001100011100111001110010011000110001100000000000000000000
000000000000000000000000000000000000000000000001100011000110000001100011000110000000000000000000
000000000000000000000000000000000000000000000000110001100011000000110001100011000000000000000000
000000000000000000000000000000000000000000000000011000110001100000011000110001110000010000000000
000000000000000000000000000000000000000000000000000100011000110010000100011001110001000000000000
000000000000000000000000000000000000000000000001000110001100010010000110001100111001001100000000
000000000000000000000000000000000000000000000001100011000110000011000110001110001001100100000000
000000000000000000000000000000000000000000000000110001100011000001100011000110000100100110000000
000000000000000000000000000000000000000000000000000000000000000000110001100011000110010010000000
000000000000000000000000000000000000000000000000000000000000000000000000110001110000011000000000
000000000000000000000000000000000000000000000000000000000000000010000100011000111001001000000000
000000000000000000000000000000000000000000000000000000000000000011000110001100001001001100000000
000000000000000000000000000000000000000000000000000000000000000001100011000110001100100100100100
000000000000000000000000000000000000000000000000000000000000000000110001100011000100110010101000
000000000000000000000000000000000000000000000000000000000000000000011001010001010010010011001000
000000000000000000000000000000000000000000000000000000000000000000000000000000010001011001011000
000000000000000000000000000000000000000000000000000000000000000000000000000000011001001001010000
000000000000000000000000000000000000000000000000000000000000000000000000000000001001100100010100
000000000000000000000000000000000000000000000000000000000000000000000000000000000100100110100100
000000000000000000000000000000000000000000000000000000000000000000000000000000000110010010101000
000000000000000000000000000000000000000000000000000000000000000000000000000000010000011011001000
000000000000000000000000000000000000000000000000000000000000000000000000000000010001001001010000
000000000000000000000000000000000000000000000000000000000000000000000000000000001001001100010100
000000000000000000000000000000000000000000000000000000000000000000000000000000001100100100100100
000000000000000000000000000000000000000000000000000000000000000000000000000000000100110010101000
000000000000000000000000000000000000000000000000000000000000000000000000000000010110010011101000
000000000000000000000000000000000000000000000000000000000000000010000000010001010000011001001000
000000000000000000000000000000000000000000000000000000000000000010000100011000111001001001010000
000000000000000000000000000000000000000000000000000000000000000011000110001100001001100100010100
000000000000000000000000000000000000000000000000000000000000000001100011000110000100100110000000
000000000000000000000000000000000000000000000000000000000000000000110001100011000110110010000000
000000000000000000000000000000000000000000000000000000000000000000011000110001110010010010000000
000000000000000000000000000000000000000000000000000000000000000010000100011000110001001000000000
000000000000000000000000000000000000000000000001000110001100010011000110001100001001001100000000
000000000000000000000000000000000000000000000001100011000110000001100011001110001100100100000000
000000000000000000000000000000000000000000000000110001100011000001110001100110000100110110000000
000000000000000000000000000000000000000000000000011000110001100000110001110011000100010000000000
000000000000000000000000000000000000000000000000000100011000110000000000110001110000010000000000
000000000000000000000000000000000000000000000001000110001100010010000100011000100000000000000000
000000000000000000000000000000000000000000000001100011000110000011000110001100000000000000000000
000000000000000000000000000000001100011000110001110011100111000001100011000110000000000000000000
000000000000000000000000000000000110001100011000110001100011000000110001100011000000000000000000
000000000000000000000000000000000011000110001100011000110001100000011000110001100000000000000000
000000000000000000000000000000000001100011000110000100011000110000000100000000100000000000000000
000000000000000000000000000000001000110001100011000110001100010000000100000100000000000000000000
000000000000000000000000000000001100111001110011100011000110000000000000000000000000000000000000
000000000000000000000100000100001100011000110000110001100011000000000000000000000000000000000000
000000000000000000100000000100000110001100011000011000110001100000000000000000000000000000000000
000000000000000000110001100011000001000110001100000100011000110000000000000000000000000000000000
000000000000000000011001110001100001100011000111000110001100010000000000000000000000000000000000
000000000000000010001100110001101000110001100011100111001110010000000000000000000000000000000000
000000000000000010001110011000101100011000110000000000000000000000000000000000000000000000000000
000000000000000011000110001100000110001100011000000000000000000000000000000000000000000000000000
000000010000010001100011000110000011000110001100000000000000000000000000000000000000000000000000
000000010001000000110001100011000001100011000110000000000000000000000000000000000000000000000000
000000001001101100011000110001101001110011100110000000000000000000000000000000000000000000000000
000000001100100110001100011000101000110001100010000000000000000000000000000000000000000000000000
000000100100110011000110001100001100011000110000000000000000000000000000000000000000000000000000
000000110010010001100011000110000000000000000000000000000000000000000000000000000000000000000000
000000010011001000110001100011000000000000000000000000000000000000000000000000000000000000000000
000000011001001100110001110001100000000000000000000000000000000000000000000000000000000000000000
000000001001100110011000110001100000000000000000000000000000000000000000000000000000000000000000
001001100100100110001100011000100000000000000000000000000000000000000000000000000000000000000000
001010100110010011000110001100000000000000000000000000000000000000000000000000000000000000000000
010010010010011001000011000010000000000000000000000000000000000000000000000000000000000000000000
010100011011001000000000000000000000000000000000000000000000000000000000000000000000000000000000
000101001001001100000000000000000000000000000000000000000000000000000000000000000000000000000000
001001001100100100000000000000000000000000000000000000000000000000000000000000000000000000000000
001010100100110000000000000000000000000000000000000000000000000000000000000000000000000000000000
110010110010010000000000000000000000000000000000000000000000000000000000000000000000000000000000
