000000000001000000000001010000000000000011000000000000000000000000000000000000000000000000000000
000000000010100000000000000000000000000100100000000000001000000000000000000000000000000000000000
000010000100000000000000000000000000000000010000000000100000000000000000001000000000000000000000
000001000000000000001000000000000000000000001000000000000000000000000001000000000000000100000000
000000100000000000000000000000000000100000000100000000000000000000000000000000000000100010000000
000000000000000001000000000000000000000000000010000100000000000000000000000000010000000000010000
000000000000000000000000000000001010000000000000000000000000000010001000000000000000000000100000
000000000000000000000000000000000000000000000000110000000000000001010000000000000100000000000000
000000000000000000000000000100000000000000000000000000000000000000100000000000000000000000000000
000000000000010000000000001010000000000000011000110000000000000001010000000000000100000000000000
000000000000101000000000000000001010000000100100000000000001000010001000000000000000000000100000
000001000001000001000000000000000000000000000010000100000100000000000000000001010000000000010000
010000100000000000000001000000001000100000000100000000000000000000000000001000010000100010000000
000001001000000000001000000000000100000100001000000000000000000000000001000000001000001100000000
000010000100000000001000000000000010000000010000000000100000000000000000001000000100000000001000
000000000010100000000000000000000001010100100000000000001000000000010001000000000000000000010000
000000000001000000000001010000000000000011000000000110000000000000001010000000000001000000000000
000000000000000000000000100000000000000000000000000000000000000000000100000000000000000000000000
000000000001000000000001010000000000000011000000000110000000000000001010000000000001000000000000
000100000000000000000010001000000001010000000000000000010100000000010001000000000000000000010000
001000000000010000001000000000000010001000000000000000100010000000000000010000000100000000001000
000000001000001000000000000000000100000100000000000001000001000000000000000000001000001000000000
010000000000000100010001000000001000000000000000000000000000100000000010001000010000000000000100
000001000001000010000000000000000001000000000010000000000100010000000000000001000001000001000000
000000000000101000000000000000000100000000100101001000000001000000000000000000001010000000000000
000000000000011000000000001000000000000000011000110000000000000001010000000000000100000000000000
000000000000000000000000000100000000000000000000000000000000000000100000000000000000000000000000
