111111111111111111111111111111101111111111111111111111111111110011111111111111111111111111111100
000000000000000000000000000000001111111111111111111111111111110000000000000000000000000000000000
111111111111111111111111111111101111111111111111111111111111110011111111111111111111111111111100
010001011000001100011000000011000000110000001100000011000001100000000011000011000000111110001100
111111111111111111111111111111101111111111111111111111111111110011111111111111111111111111111100
111111111111111111111111111111100000000000000000000000000000000011111111111111111111111111111100
111111111111111111111111111111101111111111111111111111111111110011111111111111111111111111111100
011111000000000011111111111111100000000000000001111111111111110000000000000000011111111110000000
111111111111111111111111111111101111111111111111111111111111110011111111111111111111111111111100
100000111111111100000000000000001111111111111110000000000000000011111111111111100000000001111100
111111111111111111111111111111101111111111111111111111111111110011111111111111111111111111111100
110000011111011110101001010110000101010010101011010101101010100001010100101010110110001011011000
111111111111111111111111111111101111111111111111111111111111110011111111111111111111111111111100
111111111111111111111111111111101111111111111110000000000000000000000000000000000000000000000000
000000000000000000000000000000000000000000000001111111111111110011111111111111111111111111111100
001000001110000000011111100000000000111110000000000111111000000000000111110000000001111000011000
100111100001111110000000011111101000000001111111100000000111110011000000001111111000000110000100
011111000000000000100100100100101011011011011011001001001001000000000000000000010110011011101000
011111101010101001010101001010100111101010101010010101010101010010101010100101001000101010110100
000000000000000000000000000000000000000000000000000000000000000000000000000000000000000000000000
111111111111111111111111111111101111111111111111111111111111110011111111111111111111111111111100
000000000000000000000000000000000000000000000000000000000000000000000000000000000000000000000000
000000000000000000000000000000000000000000000000000000000000000000000000000000000000000000000000
000000000000000000000000000000000000000000000000000000000000000000000000000000000000000000000000
000000000000000000000000000000000000000000000000000000000000000000000000000000000000000000000000
