000000000100000000001010000000000000011000000000000000000000000000000000000000000000000000000000
000000000001000000000001010000000000000011000000000000000000000000000000000000000000000000000000
000000000000010000000000001010000000000000011000000000000000000000000000000000000000000000000000
000000000000000110000000000001001000000000000010000000000000000000000000000000000000000000000000
000000010000000001010000000000000011000000000000000000000000000000000000000000000000000000000000
000001100000001001000000000010000100000000000101100000000000010000000000000000000000000000000000
000010000000101000000000010001000000000000100100000000000011100000000000000000000000000000000000
000100000010100000000010001000000000000100100000000000011100000000000000000000000000000000000000
001000001010000000010001000000000000100100000000000011100000000000000000000000000000000000000000
010000101000000010001000000000000100100000000000011100000000000000000000000000000000000000000000
101001000100000100000100000000101000010000000000100010000000000000111100000000000000000000000000
110100010001000000100000100000000001000010000000000100010000000000000111100000000000000000000000
101010000100010000000100000100000000001000010000000000100010000000000000111100000000000000000000
100101000001000100000000100000100000000001000010000000000100010000000000000111100000000000000000
110010010000010000100000000100000010000000001000010000000000100011100000000000100000000000000000
000110000010001000000010000001000000001000000011000001000000000001000010000000000111000000000000
000011100000100001000000010000000010000001000000001000001000000000001000010000000001110000000000
010001001000001000001000000010000000010000001000000001000001000000000001000010000000011100000000
011000100010000010000001000000001000000010000001000000001000000010000000001000010000000110000000
001100001000100000010000001000000001000000010000001000000001000000010000000001011100000000000000
000000000001110000000001000010000000000100000100000000100000010010000001000000001000100000110000
000000000000011110000000001000000100000000100000010000000100000000010000001000000010001000011000
000000110000000100010000000001000000100000000100000010000000100000000010000001000000100010001100
000000011100000001000010000000000100000100000000100000010000000001000000010000001000001001000100
000000000111000000001000010000000000100000100000000100000010000000001000000010000010000011100000
000000000000000000000000111100000000000010001000000000010000100000000000100000110000010001001000
000000000000000000000000000111101000000000010000100000000010000000100000000100000100000100100100
000000000000000011100000000000100001000000000010000100000000010000000100000000110001000001010000
000000000000000000111100000000000010001000000000010000100000000000100000100000000100010000101000
000000000000000000000111100000000000010001000000000010000100000000000100000100000001000100010100
000000000000000000000000000000000000000001110000000000001001000000000000010001000000001010000100
000000000000000000000000000000000000000000001111000000000001000001000000000010001000000011000000
000000000000000000000000000000001110000000000001001000000000000010001000000000001010000000100000
000000000000000000000000000000000011110000000000010001000000000000100001000000000100100000110000
000000000000000000000000000000000000001110000000000001001000000000000010001000000000101000001000
000000000000000000000000000000000000000000000000000000000110000000000000001010000000000100000000
000000000000000000000000000000000000000000000000000000000000110010000000000001010000000000000000
000000000000000000000000000000000000000000000000110000000000000001010000000000000100000000000000
000000000000000000000000000000000000000000000000001100000000000000010100000000000011000000000000
000000000000000000000000000000000000000000000000000000110000000000000001010000000000010000000000
