000000000000000000000000000000000000000000000000000000000110000000000000001010000000000100000000
000000000000000000000000000000000000000000000000000000000000110010000000000001010000000000000000
000000000000000000000000000000000000000000000000110000000000000001010000000000000100000000000000
000000000000000000000000000000000000000000000000001100000000000000010100000000000011000000000000
000000000000000000000000000000000000000000000000000000110000000000000001010000000000010000000000
000000000001110000000001000010000000000100000100000000100000010010000001000000001000100000110000
000000000000011110000000001000000100000000100000010000000100000000010000001000000010001000011000
000000110000000100010000000001000000100000000100000010000000100000000010000001000000100010001100
000000011100000001000010000000000100000100000000100000010000000001000000010000001000001001000100
000000000111000000001000010000000000100000100000000100000010000000001000000010000010000011100000
000001100000001001000000000010000100000000000101100000000000010000000000000000000000000000000000
000010000000101000000000010001000000000000100100000000000011100000000000000000000000000000000000
000100000010100000000010001000000000000100100000000000011100000000000000000000000000000000000000
001000001010000000010001000000000000100100000000000011100000000000000000000000000000000000000000
010000101000000010001000000000000100100000000000011100000000000000000000000000000000000000000000
