000000000000000000000000000000000001101100000000000011000000000000000010000000000000000000000000
000000000000000000000000000000000000110110000000000001100000000000000001000000000000000000000000
000000000000000000000000000000000000011011000000000000110000000000000000100000000000000000000000
000000000000000000000000000000000000001101100000000000011000000000000000010000000000000000000000
000000000000000000000000000000000000000110110000000000001100000000000000001000000000000000000000
000000000000000000000000000000000000000011011000000000000110000000000000000100000000000000000000
000000000000000000000000000000000000000001101100000000000011000000000000000010000000000000000000
000000000000000000000000000000000000000000110110000000000001100000000000000001000000000000000000
000000000000000000000000000000001000000000011010000000000000110000000000000000100000000000000000
000000000000000000000000000000001100000000001101000000000000010010000000000000000000000000000000
000000000000000000000000000000000110000000000111100000000000000001000000000000000000000000000000
000000000000000000000000000000001011000000000010110000000000000000100000000000000000000000000000
000000000000000000000000000000001101100000000000011000000000000000010000000000000000000000000000
000000000000000000000000000000000110110000000000001100000000000000001000000000000000000000000000
000000000000000000000000000000000011011000000000000110000000000000000100000000000000000000000000
000000000010000000000011000000000000011011000000000000000000000000000000000000000000000000000000
000000000000000000000000000000000000001101100000000000011000000000000000010000000000000000000000
000000000000000000000000000000000000000110110000000000001100000000000000001000000000000000000000
000000000000000000000000000000000000000011011000000000000110000000000000000100000000000000000000
000000000000000000000000000000000000000001101100000000000011000000000000000010000000000000000000
000000000000000000000000000000000000000000110110000000000001100000000000000001000000000000000000
000000000000000000000000000000001000000000011010000000000000110000000000000000100000000000000000
000000000000000000000000000000001100000000001101000000000000010010000000000000000000000000000000
000000000000000000000000000000000110000000000111100000000000000001000000000000000000000000000000
000000000000000000000000000000001011000000000010110000000000000000100000000000000000000000000000
000000000000000000000000000000001101100000000000011000000000000000010000000000000000000000000000
000000000000000000000000000000000110110000000000001100000000000000001000000000000000000000000000
000000000000000000000000000000000011011000000000000110000000000000000100000000000000000000000000
