100000000000000000000000000000000000000000000000000000000000000000000000000000000000000000000000
111111000000000000000000000000000000000000000000000000000000000000000000000000000000000000000000
100000000000000000000000000000000000000000000000000000000000000000000000000000000000000000000000
100100000000000000000000000000000000000000000000000000000000000000000000000000000000000000000000
101100000000000000000000000000000000000000000000000000000000000000000000000000000000000000000000
111100000000000000000000000000000000000000000000000000000000000000000000000000000000000000000000
111101000000000000000000000000000000000000000000000000000000000000000000000000000000000000000000
111111000000000000000000000000000000000000000000000000000000000000000000000000000000000000000000
111111000000000000000000000000000000000000000000000000000000000000000000000000100000000000000000
111101000000001000000000000000000000000000000000000000000000000000000000000000100000000000000000
111001000000001000000000000001000000000000000000000000000000000000000000000000100000000000000000
110001000000001000000000000001000000000000000100000000000000000000000000000000100000000000000000
100001000000001000000000000001000000000000000100000000000000010000000000000000100000000000000000
000001000000001000000000000001000000000000000100000000000000010000000000000000100000000000000000
000001000000001000100000000001000000000000000100000000000000010000000000000000100000000000000000
000001000000001000000000000001000000000000000100000000000000010000000000000000100000000000000000
000001000000001000100000000001000000000000000100000000000000010000000000000000100000000000000000
000000000000001000100000000001000000000000000100000000000000010010000000000000100000000000000000
000000000000000000100000000001000000000000000100000000000000010011000000000000100000000000000000
000000000000000000100000000000000000000000000100100000000000010011000000000000100000000000000000
000000000000000000100000000000000100000000000000100000000000010011000000000000100000000000000000
000000000000000001100000000000000100000000000000100000000000000011000000000000100000000000000000
000000000000000001100000000000000100000000000000100000000000000011000000000000100000000000000000
000000000000000001100000000000000100000000000000100000000000000011000000001000100000000000000000
000000000000000001100000000000000100000000000000100000000000000011000000000000100000000000000000
000000000000000001100000000000000100000000000000100000000000000011000000001000100000000000000000
000000000000000001110000000000000100000000000000100000000000000011000000001000000000000000000000
000000000000000001111000000000000100000000000000100000000000000001000000001000000000000000000000
000000000000000001111100000000000100000000000000100000000000000000000000001000000000000000000000
000000000000000001111100000000000100001000000000000000000000000000000000001000000000000000000000
000000000000000001111100000000000000001000000000000000100000000000000000001000000000000000000000
000000000000000000111100000000000000001000000000000000100000000000000000101000000000000000000000
000000000000000000011100000000000000001000000000000000100000000000000000111000000000000000000000
000000000000000000001100000000000000001000000000000000100000000000000000111000000000000000000000
000000000000000000001100000000000000001000000000000000100000000000000000111000000000000000000000
000000000000010000001100000000000000001000000000000000100000000000000000111000000000000000000000
000000000000000000001100000000000000001000000000000000100000000000000000111000000000000000000000
000000000000010000001100000000000000001000000000000000100000000000000000111000000000000000000000
000000000000010000000100000000000000001000000000000000100100000000000000111000000000000000000000
000000000000010000000000000000000000001000100000000000100100000000000000111000000000000000000000
000000000000010000000000000000000000000000110000000000100100000000000000111000000000000000000000
000000000000010000000000000100000000000000110000000000000100000000000000111000000000000000000000
000000000000010000000000000100000000000000110000000000000100000000000000111000000000000000000000
000000000000010000000000000100000000000000110000000000000100000000000000111000001000000000000000
000000000000010000000000000100000000000000110000000000000100000000000000111000000000000000000000
000000000000010000000000000100000000000000110000000000000100000000000000111000001000000000000000
000000000000010000000000000110000000000000110000000000000100000000000000011000001000000000000000
000000000000010000000000000110000000000000110100000000000100000000000000001000001000000000000000
000000000000010000000000000110000000000000110100000000000100010000000000000000001000000000000000
000000000000010000000000000110000000000000110100000000000000010010000000000000001000000000000000
000000000000010000000000000110000000000000110100000000000000010010000000000000001000000000000000
000000000010010000000000000110000000000000110100000000000000010010000000000000001000000000000000
000000000000010000000000000110000000000000110100000000000000010010000000000000001000000000000000
000000000010010000000000000110000000000000110100000000000000010010000000000000001000000000000000
000000000010010000000000000110000000000000010100000000000000010010000000000000001000000000100000
000000000010010000000000000110000000000000000100000000000000010010000000000000001000000000110000
000000000010010000000000000010000000000000000100000000000000010010000000000000001000100000110000
000000000010000000000000000010000000000000000100000000000000010010000001000000001000100000110000
000000000010000000000000000000000000000000000100000000100000010010000001000000001000100000110000
000000000010000000000000000000000000000100000000000000100000010010000001000000001000100000110000
000000000010000000000010000000000000000100000000000000100000000010000001000000001000100000110000
000000000010000000000010000000000000000100000000000000100000000000000001000000001000100000110000
000000000010010000000010000000000000000100000000000000100000000000000001000000001000100000110000
000000000010000000000010000000000000000100000000000000100000000000000001000000001000100000110000
000000000010010000000010000000000000000100000000000000100000000000000001000000001000100000110000
000000000011010000000010000000000000000100000000000000100000000000000001000000000000100000110000
000100000011010000000010000000000000000100000000000000100000000000000001000000000000100000010000
000110000011010000000010000000000000000100000000000000100000000000000001000000000000100000000000
000110000011010000000010000000000000000100000000000000100000000000000001000000000000000000000000
000110000011010000000010000000000000000100000000000000100000000000001001000000000000000000000000
000110000011010000000010000000000000000100000000000000100000000000000001000000000000000000000000
000110000011010000000010000000000000000100000000000000100000000000001001000000000000000000000000
000110000011010000000010000010000000000100000000000000100000000000001000000000000000000000000000
000110000011010000000010000011000000000100000000000000000000000000001000000000000000000000000000
000110000011010000000010000011100000000000000000000000000000000000001000000000000000000000000000
000110000011010000000000000011101000000000000000000000000000000000001000000000000000000000000000
000110000001010000000000000011101000000000000000100000000000000000001000000000000000000000000000
000110000000010000000000000011101000000000000000100000000000000000101000000000000000000000000000
000010000000010000000000000011101000000000000000100000000000000000111000000000000000000000000000
000000000000010000000000000011101000000000000000100000000000000000111000000000000000000000000000
000000000000010000000000000011101000000000000000100000000000000000111000000000000000000000000000
000000000000010000000000001011101000000000000000100000000000000000111000000000000001000000000000
000000000000010000000000001011101000000000100000100000000000000000111000000000000001100000000000
000000000000010000000000001011101000000000100000100000000100000000111000000000000001100000001000
000000000000010000000000001011101000000000100000100000000100000000111000000100000001101000001000
000000000000010000000000001011101000000000100000100000000100000000111000000100000001101100001000
000000000000010000000000001011101000000000100000100000000100000000111000000100000001101100001000
000000000000000000000000001111101000000000100000100000000010000000111000000100000001101100001000
