101000000100001000000100000000000000000000000100000001000000000000000000000000110000100001111100
111111001000010000000000000100000000100000000000000000000001000000000100000000000001000010010000
110000010000100000100000000000000000000000100000001000000000000000000000000100011111111110000100
100100111111111100000000100000000100000000000000000000001000000000100000000000000100001000100000
100001000010000100000000000000100000000100000001000000000000000011111111111111101000010000001000
000000000000000011111111111111100000000000000000000000000000110010000000000001010000000000000000
000000000000000000000000000000000000000000001111111111111111110001000000000010001000000011000000
000000000000000000000000000111101111111111111110100000000010000000100000000100000100000100100100
000000000000011110000000001000001111111111111110010000000100000000010000001000000010001000011000
000011100000100001000000010000000010000001000001111111111111110000001000010000000001110000000000
110100010001000011111111111111100001000010000000000100010000000000000111100000000000000000000000
001000001010000000010001000000000000100100000000000011100000000011111111111111100000000000000000
000000111111111100001010000000000000011000000000000000000000000000000000000000000000000000000000
000000000000000000000000000000000000000000000000000000000000000000000000000000011111111110000000
011111000000000000000000000000000000000000000000000000000000000000000000000000000000000000000000
000000000000000000000000000000000000000000000000000000000000000000000000000000000000000001111100
