000000010000000001010111100000000011010001000000000001111000000000000000000000000000000000000000
010000101000000010001011110000000100101000100000011100111100000000000000000000000000000000000000
101001000100000100000101111000101000010100010000100010011110000000111100000000000000000000000000
000110000010001000000010111101000000001010001011000001001111000001000010000000000111000000000000
000000000001110000000001011110000000000101000100000000100111110010000001000000001000100000110000
000000000000000000000000111111000000000010101010000000010011110000000000100000110000010001001000
000000000000000000000000000111101000000001110001000000001001110000000000010001000000001010000100
000000000000000010000000000011100100000000001001100000000110110000000000001010000000000100000000
000000000000010011000000001011100010000000011101110000000000010000000000000000000000000000000000
000010000000101011100000010001100001000000100111111000000011100000000000000000000000000000000000
100101000001000111110000100000101000100000000010111100000100010000000000000111100000000000000000
011000100010000011111001000000001100010010000001011110001000000010000000001000010000000110000000
000000011100000001111110000000000110001100000000101111010000000001000000010000001000001001000100
000000000000000000111110000000000011001100000000010111100000000000100000100000000100010000101000
000000000000000000001111000000000001110010000000001011110000000000010001000000000010100000010000
