000000000100000000000000000000000000100010000000000000000000000000000000000000000000000000000000
000000000010000000010000000000000000000001000000000000000000000000000000000000000000000000000000
000000010001000000000000000000000000000000100000000000000000000000000000000000000000000000000000
000000100000000000000000010000000000000000010000000000000000000000000000000000000000000000000000
000000000000000000000000000000000000000000101000000000000000000000000000000000000000000000000000
000000000000000000000000000001000000000000000100000000000010000000000000000000000000000000000000
000000000000000000000000000000000000000000000110000000000000000000000000000010000000000000000000
000000000000000000000000000000001000000000000000000000000000100000000000000000000000000010000000
000000000000000000000000000000000100000000000000000000000000000000000000000001000000000001000000
000000000000000000000000000000000010000000000000000000000000000000000000000000000000000010100000
000000000000000000000000000000000001000000000000000000000000000000000000000000000010000000000100
000000000000000000000000000000000000100000000000000000000000000000001000000000000000000000001000
000000000000000000000000000000000000010000000000000100000000000000000000000000000000100000000000
000000000000000000000000000000000000101000000000000000000000000000000010000000000000000000000000
000000000000000000001000000000000000000100000000000010000000000000000000000000000000000000000000
000000000100000000000000000000000000100010000000000000000000000000000000000000000000000000000000
000000000010000000010000000000000000000001000000000000000000000000000000000000000000000000000000
000000010001000000000000000000000000000000100000000000000000000000000000000000000000000000000000
000000100000000000000000010000000000000000010000000000000000000000000000000000000000000000000000
000000000000000100000000000000000000001000101000000000000000000000000000000000000000000000000000
000000000000000000000000000001000000000100000100000000000010000000000000000000000000000000000000
000000000000000000000000000000000000000010000110000000000000000000000000000010000000000000000000
000000000000000000000000000000001000000001000000000000000000100000000000000000000000000010000000
000000000000000000000000000000000100000000100000000000000000000000000000000001000000000001000000
000000000000000000000000000000000010000000010000000000000000000000000000000000000000000010100000
000000000000000000000000000000000001000000001000000000000000000000000000000000000010000000000100
000000000000000000000000000000000000100000000100000000000000000000001000000000000000000000001000
000000000000000000000000000000000000010000000010000100000000000000000000000000000000100000000000
000000000000000000000000000000001000101000000000000000000000000000000010000000000000000000000000
000000000000000000001000000000000100000100000000000010000000000000000000000000000000000000000000
000000000000000000000000000000000010000010000000000000000000000000000000000000000000000000000000
000000000000000000000000000000000001000000000000000000001000000000000000000000000000000000000000
000000000000000000000000000000000000100000000000000000000000000000000000001000000000000000000000
000000000000000000000000000000000000010000000000000000000000000000000000000000000000000100000000
000000000000000110000000000001001000000000000010000000000000000000000000000000000000000010000000
000001100000001001000000000010000100000000000101100000000000010000000000000000010000000000000000
110010010000010000100000000100000010000000001000010000000000100011100000000000100000000000000000
001100001100100000011010001000000001011000010001001000000001000000010000000001011100000000000000
001000001111000000011001010000001000100100100000000111100010000000001000000010000010000011100000
110100010001000010100111100000000001010011000000000110010100000000000111100100000001000100010100
000011100000100001000000010000000010001111000000001001001000000000001010011000000001111000001000
010000000000011110000000001000000100000000100000010000110100000000010001011000000010011000011000
001000000000000000000000000111101000000000010000100000000010000000100000000100000100000100100100
000000000010000000000000000000000000000000001111000000000001000001000000000010001000000011000000
000000000000000000000001000000000000000000000000000000000000110010000000000001010000000000000000
