000000000000000000000000000000000000001000000000000000000000000000000000000000000000010000001000
000000000000000000000000000000000000000100000000000000000000000000000000000000000000001000000100
000000000000000000000000000000000000000010000000000000000000000000000000000000000000000101000000
000000000000000000000000000000000000000001000000000000000000000000000000000000000000000010100000
000000000000000000000000000000000000000000100000000000000000000000000000000000010000000000010000
000000000000000000000000000000000000000000010000000000000000000000000000000000001000000000001000
000000000000000000000000000000000000000000001000000000000000000000000000000000000100000000000100
000000000000000000000000000000000000000000000100000000000000000000000000000000000010000001000000
000000000000000000000000000000000000000000000010000000000000000000000000000000000001000000100000
000000000000000000000000000000001000000000000000000000000000000000000000000000000000100000010000
000000000000000000000000000000000100000000000000000000000000000000000000000000000000000000001000
000000000000000000000000000000000010000000000000000000000000000000000000000000000000000000000100
000000000000000000000000000000000001000000000000000000000000000000000000000000000000000001000000
000000000000000000000000000000000000100000000000000000000000000000000000000000000000000000100000
000000000000000000000000000000000000010000000000000000000000000000000000000000000000000000010000
000000000000000000000000000000000000001000000000000000100000000000000000000000000000000000001000
000000000000000000000000000000000000000100000000000000010000000000000000000000000000000000000100
000000000000000000000000000000000000000010000000000000001000000000000000000000000000000001000000
000000000000000000000000000000000000000001000000000000000100000000000000000000000000000000100000
000000000000000000000000000000000000000000100000000000000010000000000000000000000000000000010000
000000000000000000000000000000000000000000010000000000000001000000000000000000000000000000001000
000000000000000000000000000000000000000000001000000000000000100000000000000000000000000000000100
000000000000000000000000000000000000000000000100000000000000010000000000000000000000000001000000
000000000000000000000000000000000000000000000011000000000000000000000000000000000000000000100000
000000000000000000000000000000001000000000000000100000000000000000000000000000000000000000010000
000000000000000000000000000000000100000000000000010000000000000000000000000000000000000000001000
000000000000000000000000000000000010000000000000001000000000000000000000000000000000000000000100
000000000000000000000000000000000001000000000000000100000000000000000000000000000000000001000000
000000000000000000000000000000000000100000000000000010000000000000000000000000000000000000100000
000000000000000000000000000000000000010000000000000001000000000000000000000000000000000000010000
000000000000000000000000000000000000001000000000000000100000000000000000000000000000000000001000
000000000000000000000000000000000000000100000000000000000000000000000000100000000000000000000100
000000000000000000000000000000000000000010000000000000000000000000000000010000000000000001000000
000000000000000000000000000000000000000001000000000000000000000000000000001000000000000000100000
000000000000000000000000000000000000000000100000000000000000000000000000000100000000000000010000
000000000000000000000000000000000000000000010000000000000000000000000000000010000000000000001000
000000000000000000000000000000000000000000001000000000000000000000000000000001000000000000000100
000000000000000000000000000000000000000000000100000000000000000000000000000000100000000001000000
000000000000000000000000000000000000000000000010000000000000000010000000000000000000000000100000
000000000000000000000000000000001000000000000000000000000000000001000000000000000000000000010000
000000000000000000000000000000000100000000000000000000000000000000100000000000000000000000001000
000000000000000000000000000000000010000000000000000000000000000000010000000000000000000000000100
000000000000000000000000000000000001000000000000000000000000000000001000000000000000000001000000
000000000000000000000000000000000000100000000000000000000000000000000100000000000000000000100000
000000000000000000000000000000000000010000000000000000000000000000000010000000000000000000010000
000000000000000000000000000000000000001000000000000000000000000000000001000000000000000000001000
000000000000000000000000000000000000000100000000000000000000000000000000000000000000010000000100
000000000000000000000000000000000000000010000000000000000000000000000000000000000000001001000000
000000000000000000000000000000000000000001000000000000000000000000000000000000000000000100100000
000000000000000000000000000000000000000000100000000000000000000000000000000000000000000010010000
000000000000000000000000000000000000000000010000000000000000000000000000000000010000000000001000
000000000000000000000000000000000000000000001000000000000000000000000000000000001000000000000100
000000000000000000000000000000000000000000000100000000000000000000000000000000000100000001000000
000000000000000000000000000000000000000000000010000000000000000000000000000000000010000000100000
000000000000000000000000000000001000000000000000000000000000000000000000000000000001000000010000
000000000000000000000000000000000100000000000000000000000000000000000000000000000000100000001000
000000000000000000000000000000000010000000000000000000000000000000000000000000000000000000000100
000000000000000000000000000000000001000000000000000000000000000000000000000000000000000001000000
000000000000000000000000000000000000100000000000000000000000000000000000000000000000000000100000
000000000000000000000000000000000000010000000000000000000000000000000000000000000000000000010000
000000000000000000000000000000000000001000000000000000100000000000000000000000000000000000001000
000000000000000000000000000000000000000100000000000000010000000000000000000000000000000000000100
000000000000000000000000000000000000000010000000000000001000000000000000000000000000000001000000
000000000000000000000000000000000000000001000000000000000100000000000000000000000000000000100000
000000000000000000000000000000000000000000100000000000000010000000000000000000000000000000010000
000000000000000000000000000000000000000000010000000000000001000000000000000000000000000000001000
000000000000000000000000000000000000000000001000000000000000100000000000000000000000000000000100
000000000000000000000000000000000000000000000100000000000000010000000000000000000000000001000000
000000000000000000000000000000000000000000000011000000000000000000000000000000000000000000100000
000000000000000000000000000000001000000000000000100000000000000000000000000000000000000000010000
000000000000000000000000000000000100000000000000010000000000000000000000000000000000000000001000
000000000000000000000000000000000010000000000000001000000000000000000000000000000000000000000100
000000000000000000000000000000000001000000000000000100000000000000000000000000000000000001000000
000000000000000000000000000000000000100000000000000010000000000000000000000000000000000000100000
000000000000000000000000000000000000010000000000000001000000000000000000000000000000000000010000
000000000000000000000000000000000000001000000000000000000000000000000000100000000000000000001000
000000000000000000000000000000000000000100000000000000000000000000000000010000000000000000000100
000000000000000000000000000000000000000010000000000000000000000000000000001000000000000001000000
000000000000000000000000000000000000000001000000000000000000000000000000000100000000000000100000
000000000000000000000000000000000000000000100000000000000000000000000000000010000000000000010000
000000000000000000000000000000000000000000010000000000000000000000000000000001000000000000001000
000000000000000000000000000000000000000000001000000000000000000000000000000000100000000000000100
000000000000000000000000000000000000000000000100000000000000000010000000000000000000000001000000
000000000000000000000000000000000000000000000010000000000000000001000000000000000000000000100000
000000000000000000000000000000001000000000000000000000000000000000100000000000000000000000010000
000000000000000000000000000000000100000000000000000000000000000000010000000000000000000000001000
000000000000000000000000000000000010000000000000000000000000000000001000000000000000000000000100
000000000000000000000000000000000001000000000000000000000000000000000100000000000000000001000000
000000000000000000000000000000000000100000000000000000000000000000000010000000000000000000100000
000000000000000000000000000000000000010000000000000000000000000000000001000000000000000000010000
