111111111111111111011011011011000100100100100100000000000000000000000000000000000000000000000000
000000000000000000000000000000000100100100100100000000000000000000000000000000000000000000000000
000000000000000000000000000000000010010010010010000000000000000000000000000000000000000000000000
000000000000000000000000000000001001001001001000000000000000000000000000000000000000000000000000
000000000000000000000000000000000100100100100100000000000000000000000000000000000000000000000000
000000000000000000000000000000000010010010010010000000000000000000000000000000000000000000000000
000000000000000000000000000000001001001001001000000000000000000000000000000000000000000000000000
000000000000000000000000000000000100100100100100000000000000000000000000000000000000000000000000
000000000000000000000000000000000010010010010010000000000000000000000000000000000000000000000000
000000000000000000000000000000001001001001001000000000000000000000000000000000000000000000000000
000000000000000000000000000000000100100100100100000000000000000000000000000000000000000000000000
000000000000000000000000000000000010010010010010000000000000000000000000000000000000000000000000
000000000000000000000000000000001001001001001000000000000000000000000000000000000000000000000000
000000000000000000000000000000000100100100100100000000000000000000000000000000000000000000000000
000000000000000000000000000000000010010010010010000000000000000000000000000000000000000000000000
000000000000000000000000000000001001001001001000000000000000000000000000000000000000000000000000
000000000000000000000000000000000100100100100100000000000000000000000000000000000000000000000000
000000000000000000000000000000000010010010010010000000000000000000000000000000000000000000000000
000000000000000000000000000000001001001001001000000000000000000000000000000000000000000000000000
000000000000000000000000000000000100100100100100000000000000000000000000000000000000000000000000
000000000000000000000000000000000000000000000000100100100100100000000000000000000000000000000000
000000000000000000000000000000000000000000000000000000000000000000100100100100100000000000000000
000000000000000000000000000000000000000000000000000000000000000000000000000000010101010100000000
000000000000000000000000000000000000000000000000000000000000000000000000000000010101010101111100
000000000000000000000000000000000000000000000000000000000000000000000000000000000000000001111100
000000000000000000000000000000000000000000000000000000000000000000000000000000010101010100000000
000000000000000000000000000000000000000000000000000000000000000000100100100100100000000000000000
000000000000000000000000000000000000000000000000100100100100100000000000000000000000000000000000
000000000000000000000000000000000100100100100100000000000000000000000000000000000000000000000000
100000000000000000000000000000000000000000000000000000000000000000000000000000000000000000000000
111111000000000000000000000000000000000000000000000000000000000000000000000000000000000000000000
011111010101010100000000000000000000000000000000000000000000000000000000000000000000000000000000
000000010101010100100100100100100000000000000000000000000000000000000000000000000000000000000000
000000000000000000100100100100101011011011011010000000000000000000000000000000000000000000000000
000000000000000000000000000000001011011011011010110110110110110000000000000000000000000000000000
000000000000000000000000000000000000000000000000110110110110110000100100100100100000000000000000
000000000000000000000000000000000000000000000000000000000000000000100100100100110101010100000000
000000000000000000000000000000000000000000000000000000000000000000000000000000010101010101111100
000000000000000000000000000000000000000000000000000000000000000000000000000000000000000001111100
000000000000000000000000000000000000000000000000000000000000000000000000000000010101010101111100
101000000100001000000100000000000000000000000100000001000000000000100100100100110101110101000000
100010001000010000000000000100000000100000000000110110110111110000100100100100100001000010010000
110000010000100000100000000000001011011011111010111110110110110000000000000100000010000100000100
100100100001000000100100100100101111011011011010000000001000000000100000000000000100001000100000
100001010111010100100100100100100000000100000001000000000000000000000000100000001000010000001000
011111010101010100000000000000000000000000000000000000000000000000000000000000000000000000000000
011111000000000000000000000000000000000000000000000000000000000000000000000000000000000000000000
100000000000000000000000000000000000000000000000000000000000000000000000000000000000000000000000
