010001100000000000000000000000000000000000000000000000000000000000000000000000000000000000000000
010001110000000000000000000000000000000000000000000000000000000000000000000000000000000000000000
010001111000000000010000000000000000000000000000000000000000000000000000000000000000000000000000
010001111000000000011000000000000000100000000000000000000000000000000000000000000000000000000000
010001111000000000011000000000000000110000000000000010000000000000000000000000000000000000000000
010001111000000000011000000000000000110000000000000011000000000000000010000000000000000000000000
010000011000000000011000000000000000110000000000000011000000000000000010000000000000000000000000
000000001000000000011000000000000000110000000000000011000000000000000010000000000000000000000000
000000000000000000001000000000000000110000000000000011000000000000000010000000000000000000000000
000000000000000000000000000000000000010000000000000011000000000000000010000000000000000000000000
000000000000000000000000000000000000000000000000000011000000000000000010000000000000000000000000
000000000000000000000000000000000000000000000000000111000000000000000110000000000000000000000000
000000000000000000000000000000000000000000000000001111000000000000001110000000000000000000000000
000000000000000000000000000000000000000000000000011111000000000000011110000000000000000000000000
000000000000000000000000000000000000000000000000011111000000000001111110000000001100000000100000
000000000000000000000000000000000000000000000000011111000000000001111110000000011100000011100000
000000000000000000000000000000000000000000000000011110000000000001111100000000011100000011100000
000000000000000000000000000000000000000000000000011100000000000001111000000000011100000011100000
000000000000000000000000000000000000000000000000011000000000000001110000000000011100000011100000
000000000000000000000000000000000000000000000000000000000000000001100000000000011100000011100000
000000000000000000000000000000000000000000000000000000000000000001000000000000011100000011100000
000000000000000000000000000000000000000000000000000000000000000000000000000000011000000011100000
000000000000000000000000000000000000000000000000000000000000000000000000000000010000000011000000
000000000000000000000000000000000000000000000000000000000000000000000000000001110000000011000000
000000000000000000000000000000000000000000000000000000000001100000000000000001110000000011000000
000000000000000000000000000000000000000000011000000000000001100000000000000001110000000011000000
000000000000000000000000001100000000000000011000000000000001100000000000000001110000000011000000
000000000000110000000000001100000000000000011000000000000001100000000000000001110000000011000000
000000000000110000000000011100000000000000111000000000000001100000000000000001110000000011000000
000000000000110000000000011100000000000001111000000000000101100000000000000001110000000011000000
000000000000110000000000011100000000000011111000000000001101100000000000000001110000000011000000
000000000000110000000000011100000000000111111000000000011101100000000000000001110000000011000000
000000000000110000000000011100000000001111111000000000111101100000000000000001110000000000000000
000000000000110000000000011100000000001111111000000000111101100000000000000000000000000000000000
000000000000110000000000011100000000001111111000000000111100000000000000000000000000000000000000
000000000000110000000000011100000000001111100000000000111100000000000000000000000000000000000000
000000000000100000000000011000000000001111100000000000111100000000000000000000000000000000000000
000000000000000000000000010000000000001111100000000000111100000000000000000000000000000000000000
000000000000000000000000000000000000001111000000000000111100000000000000000000000000000000000000
000000000000000000000000000000000000001110000000000000111000000000000000000000000000000000000000
000000000000000000000000000000000000001100000000000000110000000000000000000000000000000000000000
000000000000000000000011000000000000001100000000000000000000000000000000000000000000000000000000
000000000011000000000011000000000000001100000000000000000000000000000000000000000000000000000000
000110000011110000000011000000000000001100000000000000000000000000000000000000000000000000000000
000111000011111000000011000000000000001100000000000000000000000000000000000000000000000000000000
000111100011111100000011000000000000001100000000000000000000000000000000000000000000000000000000
000111100011111110000011000000100000001100000000000000000000000000000000000000000000000000000000
000111100011111110000011000000101000001100000010000000000000000000000000000000000000000000000000
000111100011111110000011000000101000001100000011000000000000010000000000000000000000000000000000
000111100011111110000011000000101000001100000011000000000000010010000000000000100000000000000000
