100000000000000000100100100100100000000000000000000000000000000000100100100100100000000000000000
011111010101010111011011011011001011011011011010110110110110110011011011111011010101010101111100
000000101010101000000000000000000100100100100101001001001001000000000000000000001010101010000000
000000000000000000000000000000000000000000000000000000000000000000000000000000000000000000000000
000000101010101000000000000000000100100100100101001001001001000000000000000000001010101010000000
011111111111111111011011011011001111111111111111111111111111110011011011111011011111111111111100
011111010101010111011011011011001011011011011010110110110110110011011011011011010101010101111100
111111010101010111111111111111101011011011011010110110110110110011111111111111110101010101111100
100000000000000000100100100100100000000000000000000000000000000000100100100100100000000000000000
000000000000000000000000000000000000000000000000000000000000000000000000000000000000000000000000
