000000000000000000000100000011000000011000001010000011100000110000000000000000000000000000000000
000000000000000000001000000110000000110000010100000111000001100000000000000000000000000000000000
000000000000000000010000001100000001100000101000001110000011000000000000000000000000000000000000
000000000000000000100000011000000011000001010000011100000110000000000000000000000000000000000000
000000000000000001000000110000000110000010100000111000001100000000000000000000000000000000000000
000000000000000010000001100000001100000101000001110000011000000000000000000000000000000000000000
000000000000000000000000000000101000000000000011100000000000010000000000000000000000000000000000
000000000000000000000011000001000000001010000111000000110000110000000000000000000000000000000000
000000000000000000000110000010000000010100001100000001100001110000000000000000000000000000000000
000000000000000000001100000100000000101000011000000011000011100000000000000000000000000000000000
000000000000000000011000001000000001010000110000000110000111000000000000000000000000000000000000
000000000000000000110000010000000010100001100000001100001110000000000000000000000000000000000000
000000000000000001100000100000000101000011000000011000011100000000000000000000000000000000000000
000000000000000011000000100000001010000011000000110000011100000000000000000000000000000000000000
000000000000000010000001000000100100000110000011100000111000000000000000000000000000000000000000
000000000000000000000010000001101000001100000101000001110000010000000000000000000000000000000000
