000000000000000000000000000000000000000000000000000000000000000010111111011101100000000000000000
000000000000000000000000000000000000000000000000000000000000000010111111011101100000000000000000
000000000000000000000000000000000000000000000000011011001100110010111111011101100000000000000000
000000000000000000000000000000000000000000000000011011001100110010111111011101100000000000000000
000000000000000000000000000000000010010001000100011011001100110010111111011101100000000000000000
000000000000000000000000000000000010010001000100011011001100110010111111011101100000000000000000
000000000000000000000000000000000010010001000100011011001100110010111111011101100000000000000000
000000000000000000000000000000001111111111111110000000000000000000000000000000000000000000000000
000000000000000000000000000000001111111111111110000000000000000000000000000000000000000000000000
000000000000000001101010101010101001010101010100000000000000000000000000000000000000000000000000
000000111111111111111111111111100000000000000000000000000000000000000000000000000000000000000000
000000111111111111111111111111100000000000000000000000000000000000000000000000000000000000000000
000000000000000000000000000000000101010101010110000000000000000000000000000000000000000000000000
000000000000000000000000000000000101010101010110000000000000000000000000000000000000000000000000
000000000000000000000000000000000101010101010111111111111111110000000000000000000000000000000000
000000000000000000000000000000000101010101010111111111111111110011111111111111100000000000000000
000000000000000000000000000000000101010101010111111111111111110011111111111111100000000000000000
001100001000100000010000001000000001000000010000001000000001000011111111111111100000000000000000
001100001000100000010000001000000001000000010000001000000001000011111111111111100000000000000000
001100001111100000011000011000000001100000110000001100000011000011111111111111100000000000000000
000000000111000000001000010000000000100000100000000100000010000011111111111111100000000000000000
000000000111000000001111110000000000110001100000000110000110000011111111111111100000000000000000
000000000111000000001111110000000000110001100000000110000110000011111111111111100000000000000000
000000000000000000000111100000000000010001000000000010000100000011111111111111100000000000000000
000000000000000000000111100000000000011111000000000011001100000011111111111111100000000000000000
000000000000000000000111100000000000011111000000000011001100000011111111111111100000000000000000
000000000000000000000000000000000000001110000000000001001000000011111111111111100000000000000000
000000000000000000000000000000000000001110000000000001111000000011111111111111100000000000000000
000000000000000000000000000000000000000000000000000000111000000011111111111111100000000000000000
000000000000000000000000000000000000000000000000000000000000000011111111111111100000000000000000
000000101010101011011011011011001111111111111110000000000000000000000000000000000000000000000000
000000101010101011011011011011001111111111111110000000000000000000000000000000000000000000000000
000000101010101011011011011011001111111111111110110110110110110000100100100100100000000000000000
000000101010101011011011011011001111111111111110110110110110110000100100100100100000000000000000
000000100010101011000011011011001111111111111110110000110110110000100000100100100000000000000000
000000100000101011000000011011001111111111111110110000000110110000100000000100100000000000000000
000000100000001011000000000011001111111111111110110000000000110000100000000000100000000000000000
000000100000000011000000000000001111111111111110110000000000000000100000000000000000000000000000
000000000000000000000000000000001111111111111110000000000000000000000000000000000000000000000000
000000000000000000000000000000001111111111111110000000000000000000000000000000000000000000000000
000000000000000000000000000000001111111111111110000000000000000000000000000000000000000000000000
