000000000000000000000000000000001000010000100000000000000000000000000000000000000000000000000000
000000000000000010000100001000001000010000100000000000000000000000000000000000000000000000000000
000000000000000010000100001000001100011000110000000000000000000000000000000000000000000000000000
000000000000000010000100001000001100011000110000100001000010000000000000000000000000000000000000
000000000000000010000100001000001100011000110001100011000110000000000000000000000000000000000000
000000000000000010000100001000000100101001010011100011000110000000000000000000000000000000000000
000000000000000000001000010000100100101001010011100011000110000000000000000000000000000000000000
000000100100110100001000010000100000100001000011100011000110000000000000000000000000000000000000
000000100100110101001010010100100000100001000011000010000100000000000000000000000000000000000000
000000100100110101001010010100100010100101001010000000000000000000000000000000000000000000000000
000000100100110101001010010100100010000100001000010000100001000000000000000000000000000000000000
000000100100110101000010000100000010000100001000010000100001000000100001000010000000000000000000
000000000000000001000010000100000010000100001000010000100001000001100011000110000000000000000000
000000000000000000000000000000000010000100001000010000100001000011100111001110000000000000000000
000000000000000000000000000000000000000000000000010100101001010011100111001110000000000000000000
000000000000000000000000000000000001000010000100000100001000010011100111001110000000000000000000
000000000000000000010000100001000001000010000100000100001000010011000110001100000000000000000000
000000001001000100010000100001000001000010000100000100001000010010000100001000000000000000000000
000000001001000100011000110001100001000010000100000100001000010000000000000000000000000000000000
000000001001000100011000110001100001100011000110000000000000000000000000000000000000000000000000
000000001001000100011000110001100000100001000011000010000100000000000000000000000000000000000000
000000001001000100001000010000100000100001000011100011000110000000000000000000000000000000000000
000000000000000000001000010000100100101001010011100011000110000000000000000000000000000000000000
000000000000000010000100001000000100101001010011100011000110000000000000000000000000000000000000
000000000000000010000100001000001100011000110001100011000110000000000000000000000000000000000000
000000000000000010000100001000001100011000110000100001000010000000000000000000000000000000000000
000000000000000010000100001000001100011000110000000000000000000000000000000000000000000000000000
000000000000000010000100001000001000010000100000000000000000000000000000000000000000000000000000
000000000000000000000000000000001000010000100000000000000000000000000000000000000000000000000000
000000000000000000000000000000000000000000000000000000000000000000000000000000000000000000000000
