000000000100000000000000000000000000100010000000000000000000000000000000000000000000000000000000
000000000010000000010000000000000000000001000000000000000000000000000000000000000000000000000000
000000010001000000000000000000000000000000100000000000000000000000000000000000000000000000000000
000000100000000000000000010000000000000000010000000000000000000000000000000000000000000000000000
000000000000000000000000000000000000000000101000000000000000000000000000000000000000000000000000
000000000000000000000000000001000000000000000100000000000010000000000000000000000000000000000000
000000000000000000000000000000000000000000000110000000000000000000000000000010000000000000000000
000000000000000000000000000000001000000000000000000000000000100000000000000000000000000010000000
000000000000000000000000000000000100000000000000000000000000000000000000000001000000000001000000
000000000000000000000000000000000010000000000000000000000000000000000000000000000000000010100000
000000000000000000000000000000000001000000000000000000000000000000000000000000000010000000000100
000000000000000000000000000000000000100000000000000000000000000000001000000000000000000000001000
000000000000000000000000000000000000010000000000000100000000000000000000000000000000100000000000
000000000000000000000000000000000000101000000000000000000000000000000010000000000000000000000000
000000000000000000001000000000000000000100000000000010000000000000000000000000000000000000000000
000000000100000000000000000000000000100010000000000000000000000000000000000000000000000000000000
000000000010000000010000000000000000000001000000000000000000000000000000000000000000000000000000
000000010001000000000000000000000000000000100000000000000000000000000000000000000000000000000000
000000100000000000000000010000000000000000010000000000000000000000000000000000000000000000000000
000000000000000100000000000000000000001000101000000000000000000000000000000000000000000000000000
000000000000000000000000000001000000000100000100000000000010000000000000000000000000000000000000
000000000000000000000000000000000000000010000110000000000000000000000000000010000000000000000000
000000000000000000000000000000001000000001000000000000000000100000000000000000000000000010000000
000000000000000000000000000000000100000000100000000000000000000000000000000001000000000001000000
000000000000000000000000000000000010000000010000000000000000000000000000000000000000000010100000
000000000000000000000000000000000001000000001000000000000000000000000000000000000010000000000100
000000000000000000000000000000000000100000000100000000000000000000001000000000000000000000001000
000000000000000000000000000000000000010000000010000100000000000000000000000000000000100000000000
000000000000000000000000000000001000101000000000000000000000000000000010000000000000000000000000
000000000000000000001000000000000100000100000000000010000000000000000000000000000000000000000000
000000000000000000000000000000000010000010000000000000000000000000000000000000000000000000000000
000000000000000000000000000000000001000000000000000000001000000000000000000000000000000000000000
000000000000000000000000000000000000100000000000000000000000000000000000001000000000000000000000
000000000000000000000000000000000000010000000000000000000000000000000000000000000000000100000000
000000000000000110000000000001001000000000000010000000000000000000000000000000000000000010000000
000001100000001001000000000010000100000000000101100000000000010000000000000000010000000000000000
110010010000010000100000000100000010000000001000010000000000100011100000000000100000000000000000
001100001100100000011010001000000001011000010001001000000001000000010000000001011100000000000000
001000001111000000011001010000001000100100100000000111100010000000001000000010000010000011100000
110100010001000010100111100000000001010011000000000110010100000000000111100100000001000100010100
000011100000100001000000010000000010001111000000001001001000000000001010011000000001111000001000
010000000000011110000000001000000100000000100000010000110100000000010001011000000010011000011000
001000000000000000000000000111101000000000010000100000000010000000100000000100000100000100100100
000000000010000000000000000000000000000000001111000000000001000001000000000010001000000011000000
000000000000000000000001000000000000000000000000000000000000110010000000000001010000000000000000
000010000000000000000000000000000010010010010010100100100100100000000000000000000000000000010000
000001000000000000000000000000001001001001001000010010010010010000000000000000000000000000001000
010000000000000000000000000000000100100100100101001001001001000000000000000000000000000000000100
001000000000000000000000000000000010010010010010100100100100100000000000000000000000000001000000
000100000000000000000000000000001001001001001000010010010010010000000000000000000000000000100000
100001011111110101000011000010100100000100000101100000110000010011000001110000001000111001111100
100000010101010100000011000000000100000100000101000000110000000011000000000000001000111001110100
000000011101110001000011000010000100000100000100100000110000010011000001010000001000101001110100
101101100010001100000011000000101000000100000011000000110000000011000001110000001000101001111100
000000011101110001000011000010000100000100000100100000110000010011000001010000001000101001110100
000000000000000000000011111000000000000000000000000000111110000000000000000000000000000000000000
000000000000000000000000111110000000000000000000000000001111100000000000000000000000000000000000
000000000000000000000000001111100000000000000001000000000011110000000000000000000000000000000000
000000000000000011000000000011100000000000000001110000000000110000000000000000000000000000000000
000000000000000011110000000000100000000000000001111100000000000000000000000000000000000000000000
000000000000000001111100000000000000000000000000011111000000000000000000000000000000000000000000
000000000000000000011111000000000000000000000000000111110000000000000000000000000000000000000000
000000000000000000001111000000000000000000000000000011110000000000000000000000000000000000000000
000000000000000000000011000000000000000000000000000000110000000000000000000000000000000000000000
000000000000000000000001000000000000000000000000000000010000000000000000000000000000000000000000
000000000000000000000000000000000000000000000000000000000000000000000000000000000000000000000000
000000000000000000000001000000000000000111000000000000010000000000000000000000000000000000000000
000000000000000000000010000000000000001111000000000000100000000000000000000000000000000000000000
000000000000000000000100000000000000011111000000000001000000000000000000000000000000000000000000
000000000000000000001000000000000000111111000000000010000000000000000000000000000000000000000000
000000000000000000010000000000000001111111000000000100000000000000000000000000000000000000000000
000000000000000000100000000000000011111111000000001000000000000000000000000000000000000000000000
000000000000000010000000000000001111111111000000100000000000000000000000000000000000000000000000
000000000000000000000000000000101111111111000011000000000000000000000000000000000000000000000000
000000000000000000000000000001001111111111000110000000000000010000000000000000000000000000000000
000000000000000000000000000010001111111111001110000000000000100000000000000000000000000000000000
000000000000000000000000000100001111111111011110000000000001000000000000000000000000000000000000
000000000000000000000000001000001111111111111110000000000010000000000000000000000000000000000000
000000000000000000000000010000001111111101111110000000000100000000000000000000000000000000000000
000000000000000000000000010000001111111001111110000000000100000000000000000000000000000000000000
000000000000000000000000010000001111110001111110000000000100000000000000000000000000000000000000
000000000000000000000000010000001111100001111110000000000100000000000000000000000000000000000000
000000000000000000000000010000001111000001111110000000000100000000000000000000000000000000000000
000000000000000000000000010000001110000001111110000000000100000000000000000000000000000000000000
000000000000000000000000010000001100000001111110000000000100000000000000000000000000000000000000
000000000000000000000000010000001000000001111110000000000100000000000000000000000000000000000000
000000000000000000000000010000000000000001111110000000000100000000000000000000000000000000000000
000000000000000000000000010000000000000001111100000000000100000000000000000000000000000000000000
000000000000000000000000010000000000000001111000000000000100000000000000000000000000000000000000
000000000000000000000000010000000000000001110000000000000100000000000000000000000000000000000000
000000000000000000000000010000000000000001100000000000000100000000000000000000000000000000000000
000000000000000000000000010000000000000001000000000000000100000000000000000000000000000000000000
000000000000000000000000000000000000000001000000000000000000000000000000000000000000000000000000
111111000000000000000000000000000000000000000000000000000000000000000000000000000000000000000000
010001001000001000001000000010000000010000001000000001000001000000000001000010000000011100000000
001100001000100000010000001000000001000000010000001000000001000000010000000001011100000000000000
100010000000010000000000000100000000000000000000000000000000000000000000000000000000000000000000
100001000000000100000000000000100000000000000000000000000000000000000000000000000000000000000000
110000010000000000100000000000000000000000000000000000000000000000000000000000000000000000000000
101000000100000000000100000000000000000000000000000000000000000000000000000000000000000000000000
100100000001000000000000100000000000000000000000000000000000000000000000000000000000000000000000
000100000001000000000000100000000000000000000000000000000000000000000000000000000000000000000000
000000000001000000000000100000000000000000000000000000000000000000000000000000000000000000000000
000000000000000000000000100000000000000000000000000000000000000000000000000000000000000000000000
000000000000000000000000100000000000000001000000000000000000000000000000000000000000000000000000
000000000000000000000000100000000000000001000000000000000100000000000000000000000000000000000000
000000000000000000000000100000000000000001000000000000000100000000000000000100000000000000000000
000000000000000000000000010000000000000000100000000000000010000000000000000010000000000000000000
000000000000000000000000001000000000000000010000000000000001000000000000000001000000000000000000
000000000000000000000000000100000000000000001000000000000000100000000000000000100000000000000000
000000000000000000000000000010000000000000000100000000000000010010000000000000000000000000000000
000000000000000000000000000001000000000000000011000000000000000001000000000000000000000000000000
000000000000000000000000000000101000000000000000100000000000000000100000000000000000000000000000
000000000000000010000000000000000100000000000000010000000000000000010000000000000000000000000000
000000000000000001000000000000000010000000000000001000000000000000001000000000000000000000000000
000000000000000000100000000000000001000000000000000100000000000000000100000000000000000000000000
000000000000000000010000000000000000100000000000000010000000000000000010000000000000000000000000
000000000000000000001000000000000000010000000000000001000000000000000001000000000000000000000000
000000000000000000000100000000000000001000000000000000100000000000000000100000000000000000000000
000000000000000000000010000000000000000100000000000000010000000000000000010000000000000000000000
000000000000000000000001000000000000000010000000000000001000000000000000001000000000000000000000
000000000000000000000001000000000000000010000000000000001000000000000000001000000000000000000000
000000000000000000000000000000000000000000000000000000000000000000000000000000000000000000000000
000000000000000110000000000001001000000000000010000000000000000000000000000000000000000000000000
000001100000001001000000000010000100000000000101100000000000010000000000000000000000000000000000
110010010000010000100000000100000010000000001000010000000000100011100000000000100000000000000000
001100001000100000010000001000000001000000010000001000000001000000010000000001011100000000000000
000000000111000000001000010000000000100000100000000100000010000000001000000010000010000011100000
000000000000000000000111100000000000010001000000000010000100000000000100000100000001000100010100
000000000000000000000000000000000000001110000000000001001000000000000010001000000000101000001000
000000000000000000000000000000000000000000000000000000110000000000000001010000000000010000000000
000000000000000000000000000000000000000000000000000000000000000000000000100000000000000000000000
000000000000000000000000000000100000000000000000000000000000000000000000000000000000000000000000
000000000000000000000000000000000000000000000000000000000000000000000000000000000000000000000000
000000000000000000000000000000000000000000000000000000000000000000000000000000000000000000000000
000000000000000000000000000000000000000000000000000000000000000000000000000000000000000000000000
000000000000000000000000000000000000000000000000000000000000000000000000000000000000000000000000
101100100101001000000100100000000100000000000100000001001000000000100000000000110100101001100000
100110101001010000000000100100000100100000000000000000001001000000100100000000000101001010110000
100100100001000000000000100000000100000000000000000000001000000000100000000000000100001000100000
101000000100001000000100000000000000000000000100000001000000000000000000000000110000100001000000
110000010000100000100000000000000000000000100000001000000000000000000000000100000010000100000100
100001000010000100000000000000100000000100000001000000000000000000000000100000001000010000001000
100010001000010000000000000100000000100000000000000000000001000000000100000000000001000010010000
000010000000010000000000001110000000000000011000000000000000000000000000000000000000000000000000
100010000000111000000000000100000000000000000000000000000000000000000000000000000000000000000000
111111001000010000000000000100000000000000000000000000000000000000000000000000000000000000000000
111111001000010000001000000000000000000000000000000000000000000000000000000000000000000000000000
111000101010000010001001000000000000000000000000000000000000000000000000000000000000000000000000
111000101010000010001001000000001000010010000000000001000000000000000000000000000000000000000000
011000101010000010001001000000001000010010000001111111111000000000000000000000000000000000000000
001100001000100000010000001000000001000000010001111111111111110000000000000000000000000000000000
001110001010101000010010001001000001001000010011111111111111110000000000000000000000000000000000
001110001010101000010010001001000001001000010011111111111111110000000000000000000000000000010000
001110001010101000010010001001000001001000010011111111111111110000000000000000000000100000110000
001110001010101000010010001001000001001000010011111111111111110000000000000000001110000001011000
001110001010101000010010001001000001001000010011111111111111110000000000000000000000000000100000
001110001010101000010010001001000001001000010011111111111111110010000001000000001000100000110000
001100001010000000010010000000000001001000000011111111111111110010000001000000001000100000110000
000110000000101000000000001001000001000000010011111111111111110010000001000000001000100000110000
000000000000000000000000000000000000000000000001111111111111110010001001000100001010100100110100
000000000000000000000000000000001111111111111111111111111111110000000000000000000000000000000000
000000000000000011111111111111101111111111111110000000000000000000000000000000000000000000000000
000000011111111101111111111111100000000000000000000000000000000000000000000000000000000000000000
000000111111111011111111111111000000000000000000000000000000000000000000000000000000000000000000
000000111111110111111111111110100000000000000000000000000000000000000000000000000000000000000000
000000111111101111111111111101100000000000000000000000000000000000000000000000000000000000000000
000000111111011111111111111011100000000000000000000000000000000000000000000000000000000000000000
000000111111101111111111111011100000000000000000000000000000000000000000000000000000000000000000
000000111111001111111111110011100000000000000000000000000000000000000000000000000000000000000000
000000111111011111111111110111100000000000000000000000000000000000000000000000000000000000000000
000000111110111111111111101111100000000000000000000000000000000000000000000000000000000000000000
000000111111111111111111111111100000000000000000000000000000000000000000000000000000000000000000
000000111111111111111111111111100000000000000000000000000000000000000000000000000000000000000000
000000000000011000000000000111000000000000001100000000000000000000000000000000000000000000000000
000000000000001100000000000011100000000000000110000000000000000000000000000000000000000000000000
000000000000000110000000000001101000000000000010000000000000000000000000000000000000000000000000
000000000000000110000000000001101000000000000010000000000000000000000000000000000000000000000000
000000000000000000000000000000000000000000000000000000000000000000000000000000000000000000000000
000000000000000000000000000000000000000000000000000000000000000000000000000000000000000000000000
001000000000000110000000000001001100000000000010000000000000000000000000000000000000000000000000
000001100010001001000000000010000100000000000101100000000000010000000000000000000000000000000000
110010010000010000100001000100000010000000001000010000000000100011100000000000100000000000000000
001100001000100000010000001000000001000010010000001000000001000000010000000001011100000000000000
000000000111000000001000010000000000100000100000000100001010000000001000000010000010000011100000
000000000001000000000111110000000000010011000000000010000100000000000100001100000001000100010100
000100000010100000000010001000000000001110100000000001011100000000000010001000000000101100001000
101010000100010000000100000100000000001000010000000000110010000000000001111100000000010010000000
010001001000001000001000000010000000010000001000000001010001000000000001000010010000011100000000
000000110000000100010000000001000000100100000100000010000000100010000010000001000000100010001100
000000000000000111100010000001101001000000000011000100000000010000000100000000110001000001010000
000001100100001001000000000010001110000000000101101000000000010010001000000000001010000000100000
110010110000010000100000000100000010000000001000110000000000100011110000000000100100000000000000
011100001000100001010000001000000001000000010000001000000001000000110000000001011100000000000000
001000000111000000001000010000000100100000100000000100000010000000001000000010000010000011100000
000000010000000001010111100000000011010001000000000010000100000000000100000100000001000100010100
010000101000000010001000000000000100101110000000011101001000000000000010001000000000101000001000
101001000100000100000100000000101100010000000000100010110000000000111101010000000000010000000000
000110000010001010000010000001000000001000000011000001000000000001000010010000000111000000000000
000000000001110100000001000010000000000100000100000000101000010010000001000000001000100000110000
000000000100001000001010111100000000011011001000000000010000100000000000100000110000010001001000
001000001010010000010001010000000000100101110000000011101001000000000000010001000000001010000100
110100010001100000100000101000000001000010000000000100010110000000000111101010000000000100000000
000011100000100001000000010000000010000001100000001000001000000000001000010000000001110000000000
000001000000011110000000001000000100000000100000010000000100000000010000001000000010001000011000
000000100000000000000000000111101000000000010000100000000010000000100000001100000100000100100100
000000000000000001000000000000000000000000001111000000000001000001000000000010001000001011000000
000000000000000000000000000000000010000000000000000000000000110010000000000001010000000000001000
000000000000000000100100100100101011011011011010110110110110110000100100100100100000000000000000
101100000010000000100111100100101011011011011010110110110110110000100100100100100000000000000000
111110100010001100100111100100101011011011011010110110110110110000100100100100100000000000000000
111110110010001100100111100100101011011011011010110110110110110000100100100100100000000000000000
111110110010001100100111100100101011011011011010110110110110110000000000000000000000000000000000
000000000000000000000000000000000000001000000000000000000000000000000000000000000000010000001000
000000000000000000000000000000000000000100000000000000000000000000000000000000000000001000000100
000000000000000000000000000000000000000010000000000000000000000000000000000000000000000101000000
000000000000000000000000000000000000000001000000000000000000000000000000000000000000000010100000
000000000000000000000000000000000000000000100000000000000000000000000000000000010000000000010000
000000000000000000000000000000000000000000010000000000000000000000000000000000001000000000001000
000000000000000000000000000000000000000000001000000000000000000000000000000000000100000000000100
000000000000000000000000000000000000000000000100000000000000000000000000000000000010000001000000
000000000000000000000000000000000000000000000010000000000000000000000000000000000001000000100000
000000000000000000000000000000001000000000000000000000000000000000000000000000000000100000010000
000000000000000000000000000000000100000000000000000000000000000000000000000000000000000000001000
000000000000000000000000000000000010000000000000000000000000000000000000000000000000000000000100
000000000000000000000000000000000001000000000000000000000000000000000000000000000000000001000000
000000000000000000000000000000000000100000000000000000000000000000000000000000000000000000100000
000000000000000000000000000000000000010000000000000000000000000000000000000000000000000000010000
000000000000000000000000000000000000001000000000000000100000000000000000000000000000000000001000
000000000000000000000000000000000000000100000000000000010000000000000000000000000000000000000100
000000000000000000000000000000000000000010000000000000001000000000000000000000000000000001000000
000000000000000000000000000000000000000001000000000000000100000000000000000000000000000000100000
000000000000000000000000000000000000000000100000000000000010000000000000000000000000000000010000
000000000000000000000000000000000000000000010000000000000001000000000000000000000000000000001000
000000000000000000000000000000000000000000001000000000000000100000000000000000000000000000000100
000000000000000000000000000000000000000000000100000000000000010000000000000000000000000001000000
000000000000000000000000000000000000000000000011000000000000000000000000000000000000000000100000
000000000000000000000000000000001000000000000000100000000000000000000000000000000000000000010000
000000000000000000000000000000000100000000000000010000000000000000000000000000000000000000001000
000000000000000000000000000000000010000000000000001000000000000000000000000000000000000000000100
000000000000000000000000000000000001000000000000000100000000000000000000000000000000000001000000
000000000000000000000000000000000000100000000000000010000000000000000000000000000000000000100000
000000000000000000000000000000000000010000000000000001000000000000000000000000000000000000010000
000000000000000000000000000000000000001000000000000000100000000000000000000000000000000000001000
000000000000000000000000000000000000000100000000000000000000000000000000100000000000000000000100
000000000000000000000000000000000000000010000000000000000000000000000000010000000000000001000000
000000000000000000000000000000000000000001000000000000000000000000000000001000000000000000100000
000000000000000000000000000000000000000000100000000000000000000000000000000100000000000000010000
000000000000000000000000000000000000000000010000000000000000000000000000000010000000000000001000
000000000000000000000000000000000000000000001000000000000000000000000000000001000000000000000100
000000000000000000000000000000000000000000000100000000000000000000000000000000100000000001000000
000000000000000000000000000000000000000000000010000000000000000010000000000000000000000000100000
000000000000000000000000000000001000000000000000000000000000000001000000000000000000000000010000
000000000000000000000000000000000100000000000000000000000000000000100000000000000000000000001000
000000000000000000000000000000000010000000000000000000000000000000010000000000000000000000000100
000000000000000000000000000000000001000000000000000000000000000000001000000000000000000001000000
000000000000000000000000000000000000100000000000000000000000000000000100000000000000000000100000
000000000000000000000000000000000000010000000000000000000000000000000010000000000000000000010000
000000000000000000000000000000000000001000000000000000000000000000000001000000000000000000001000
000000000000000000000000000000000000000100000000000000000000000000000000000000000000010000000100
000000000000000000000000000000000000000010000000000000000000000000000000000000000000001001000000
000000000000000000000000000000000000000001000000000000000000000000000000000000000000000100100000
000000000000000000000000000000000000000000100000000000000000000000000000000000000000000010010000
000000000000000000000000000000000000000000010000000000000000000000000000000000010000000000001000
000000000000000000000000000000000000000000001000000000000000000000000000000000001000000000000100
000000000000000000000000000000000000000000000100000000000000000000000000000000000100000001000000
000000000000000000000000000000000000000000000010000000000000000000000000000000000010000000100000
000000000000000000000000000000001000000000000000000000000000000000000000000000000001000000010000
000000000000000000000000000000000100000000000000000000000000000000000000000000000000100000001000
000000000000000000000000000000000010000000000000000000000000000000000000000000000000000000000100
000000000000000000000000000000000001000000000000000000000000000000000000000000000000000001000000
000000000000000000000000000000000000100000000000000000000000000000000000000000000000000000100000
000000000000000000000000000000000000010000000000000000000000000000000000000000000000000000010000
000000000000000000000000000000000000001000000000000000100000000000000000000000000000000000001000
000000000000000000000000000000000000000100000000000000010000000000000000000000000000000000000100
000000000000000000000000000000000000000010000000000000001000000000000000000000000000000001000000
000000000000000000000000000000000000000001000000000000000100000000000000000000000000000000100000
000000000000000000000000000000000000000000100000000000000010000000000000000000000000000000010000
000000000000000000000000000000000000000000010000000000000001000000000000000000000000000000001000
000000000000000000000000000000000000000000001000000000000000100000000000000000000000000000000100
000000000000000000000000000000000000000000000100000000000000010000000000000000000000000001000000
000000000000000000000000000000000000000000000011000000000000000000000000000000000000000000100000
000000000000000000000000000000001000000000000000100000000000000000000000000000000000000000010000
000000000000000000000000000000000100000000000000010000000000000000000000000000000000000000001000
000000000000000000000000000000000010000000000000001000000000000000000000000000000000000000000100
000000000000000000000000000000000001000000000000000100000000000000000000000000000000000001000000
000000000000000000000000000000000000100000000000000010000000000000000000000000000000000000100000
000000000000000000000000000000000000010000000000000001000000000000000000000000000000000000010000
000000000000000000000000000000000000001000000000000000000000000000000000100000000000000000001000
000000000000000000000000000000000000000100000000000000000000000000000000010000000000000000000100
000000000000000000000000000000000000000010000000000000000000000000000000001000000000000001000000
000000000000000000000000000000000000000001000000000000000000000000000000000100000000000000100000
000000000000000000000000000000000000000000100000000000000000000000000000000010000000000000010000
000000000000000000000000000000000000000000010000000000000000000000000000000001000000000000001000
000000000000000000000000000000000000000000001000000000000000000000000000000000100000000000000100
000000000000000000000000000000000000000000000100000000000000000010000000000000000000000001000000
000000000000000000000000000000000000000000000010000000000000000001000000000000000000000000100000
000000000000000000000000000000001000000000000000000000000000000000100000000000000000000000010000
000000000000000000000000000000000100000000000000000000000000000000010000000000000000000000001000
000000000000000000000000000000000010000000000000000000000000000000001000000000000000000000000100
000000000000000000000000000000000001000000000000000000000000000000000100000000000000000001000000
000000000000000000000000000000000000100000000000000000000000000000000010000000000000000000100000
000000000000000000000000000000000000010000000000000000000000000000000001000000000000000000010000
000000000000000000000100000011000000011000001010000011100000110000000000000000000000000000000000
000000000000000000001000000110000000110000010100000111000001100000000000000000000000000000000000
000000000000000000010000001100000001100000101000001110000011000000000000000000000000000000000000
000000000000000000100000011000000011000001010000011100000110000000000000000000000000000000000000
000000000000000001000000110000000110000010100000111000001100000000000000000000000000000000000000
000000000000000010000001100000001100000101000001110000011000000000000000000000000000000000000000
000000000000000000000000000000101000000000000011100000000000010000000000000000000000000000000000
000000000000000000000011000001000000001010000111000000110000110000000000000000000000000000000000
000000000000000000000110000010000000010100001100000001100001110000000000000000000000000000000000
000000000000000000001100000100000000101000011000000011000011100000000000000000000000000000000000
000000000000000000011000001000000001010000110000000110000111000000000000000000000000000000000000
000000000000000000110000010000000010100001100000001100001110000000000000000000000000000000000000
000000000000000001100000100000000101000011000000011000011100000000000000000000000000000000000000
000000000000000011000000100000001010000011000000110000011100000000000000000000000000000000000000
000000000000000010000001000000100100000110000011100000111000000000000000000000000000000000000000
000000000000000000000010000001101000001100000101000001110000010000000000000000000000000000000000
000000000000000000000000000000000000000011000000000000000010000000000000111100000000000000000000
000000000000000000000000000000000000000000011000000000000100010000000000000111100000000000000000
000000000000000000000000000000001000000000000010010000000000100011100000000000100000000000000000
000000000000000000000000000000000011000000000000100010000000000000111100000000000000000000000000
000000000000000000000000000000000000011000000000000100010000000000000111100000000000000000000000
000000000000000000000000000000000000000011000000000000100010000000000000111100000000000000000000
000000000000000000000000000000000000000010000000000010000000000000000000000000000000000000000000
000000000000000000000000000000000000000001000000000100000000000000000000000000000000000000000000
000000000000000000000000000000000000000000100000001000000000000000000000000000000000000000000000
000000000000000000000000000000000000000000010000010000000000000000000000000000000000000000000000
000000000000000000000000000000000000000000001000100000000000000000000000000000000000000000000000
000000000000000000000000000000000000000000000101000000000000000000000000000000000000000000000000
000000000000000000000000000000000000000000000010000000000000010000000000000000000000000000000000
000000000000000000000000000000001000000000000000000000000000100000000000000000000000000000000000
000000000000000000000000000000000100000000000000000000000001000000000000000000000000000000000000
000000000000000000000000000000000010000000000000000000000010000000000000000000000000000000000000
000000000000000000000000000000000001000000000000000000000100000000000000000000000000000000000000
000000000000000000000000000000000000100000000000000000001000000000000000000000000000000000000000
000000000000000000000000000000000000010000000000000000010000000000000000000000000000000000000000
000000000000000000000000000000000000001000000000000000100000000000000000000000000000000000000000
000000000000000000000000000000000000000100000000000001000000000000000000000000000000000000000000
000000000000000000000000000000000000000010000000000010000000000000000000000000000000000000000000
000000000000000000000000000000000000000001000000000100000000000000000000000000000000000000000000
000000000000000000000000000000000000000000100000001000000000000000000000000000000000000000000000
000000000000000000000000000000000000000000010000010000000000000000000000000000000000000000000000
000000000000000000000000000000000000000000001000100000000000000000000000000000000000000000000000
000000000000000000000000000000000000000000000100100000000000000000000000000000000000000000000000
000000000000000000000000000000000000000000000011000000000000000000000000000000000000000000000000
000000000000000000000000000000001000000000000000000000000000010000000000000000000000000000000000
000000000000000000000000000000000100000000000000000000000000100000000000000000000000000000000000
000000000000000000000000000000000010000000000000000000000001000000000000000000000000000000000000
000000000000000000000000000000000001000000000000000000000010000000000000000000000000000000000000
000000000000000000000000000000000000100000000000000000000100000000000000000000000000000000000000
000000000000000000000000000000000000010000000000000000001000000000000000000000000000000000000000
000000000000000000000000000000000000001000000000000000010000000000000000000000000000000000000000
000000000000000000000000000000000000000100000000000000100000000000000000000000000000000000000000
000000000000000000000000000000000000000100000000000000100000000000000000000000000000000000000000
000000000000000000000000000000000000000100000000000000100000000000000000000000000000000000000000
000000000000000000000000000000000000000100000000000000100000000000000000000000000000000000000000
000000000000000000000000000000000000000000000000000000000000000000000000000000000000000001111100
000000000000000000000000000000000000000000000000000000000000000000000000000000011111111110000000
000000000000000000000000000000000000000000000000000000000000000011111111111111100000000000000000
000000000000000000000000000000000000000000000001111111111111110000000000000000000000000000000000
000000000000000000000000000000001111111111111110000000000000000000000000000000000000000000000000
000000000000000011111111111111100000000000000000000000000000000000000000000000000000000000000000
000000111111111100000000000000000000000000000000000000000000000000000000000000000000000000000000
111111000000000000000000000000000000000000000000000000000000000000000000000000000000000000000000
100000000000000000000000000000000000000000000000000000000000000000000000000000000000000000000000
111111000000000000000000000000000000000000000000000000000000000000000000000000000000000001111100
111111111111111100000000000000000000000000000000000000000000000000000000000000011111111111111100
111111111111111111111111111111100000000000000000000000000000000011111111111111111111111111111100
111111111111111111111111111111101111111111111111111111111111110011111111111111111111111111111100
000000111111111111111111111111101111111111111111111111111111110011111111111111111111111110000000
000000000000000011111111111111101111111111111111111111111111110011111111111111100000000000000000
000000000000000000000000000000001111111111111111111111111111110000000000000000000000000000000000
000000000000000000000000000000000000000000000000000000000000000000000000000000000000000000000000
000000000000000000000000000000000000000000000000000000000000000000000000000000000000000000000000
011111000000000000000000000000000000000000000000000000000000000000000000000000000000000000000000
000000111111111100000000000000000000000000000000000000000000000000000000000000000000000000000000
000000000000000011111111111111100000000000000000000000000000000000000000000000000000000000000000
011111000000000000000000000000001111111111111110000000000000000000000000000000000000000000000000
000000111111111100000000000000000000000000000001111111111111110000000000000000000000000000000000
000000000000000011111111111111100000000000000000000000000000000011111111111111100000000000000000
000000000000000000000000000000001111111111111110000000000000000000000000000000011111111110001000
000000000000000000000000000000000000000000000001111111111111110000000000000000000000000001111100
000000000000000000000000000000000000000000000000000000000000000011111111111111100000000000000000
000000000000000000000000000000000000000000000000000000000000000000000000000000011111111110000000
000000000000000000000000000000000000000000000000000000000000000000000000000000000000000001111100
000000000000000000000000000000000000000000000000000000000000000000000000000000000000000000000000
000000000000000000000000000000000000000000000000000000000000000000000000000000000000000000000000
000000000000000000000000000000000000000000000000000000000000000000000000000000000000000000000000
000000000000000000000000000000000000000000000000000000000000000000000000000000000000000000000000
000000000000000000000000000000000000000000000000000000000000000000000000000000000000000000000000
000000000000000000000000000000000000000000000000000000000000000000000000000000000000000000000000
000000000000000000000000000000000000000000000000000000000000000000000000000000000000000000000000
000000000000000000000000000000000000000000000000000000000000000000000000000000000000000000000000
000000000000000000000000000000000000000000000000000000000000000000000000000000000000000000000000
101001000101110100000101000010101000010101110100100010101001010010111101010001001000101010110100
110100010001011110100000101000000101000010101111010100010101000001010111101010001010001011011000
101010110100010100010100000101001110101000010101001010100010100010001010111101001010100010101100
100101011101000101000010100000100111110101000010110001010100010001100001010111101100101001110100
110010010111010000101000010100000010101110101000010101001010100011101010001010100010101011101000
000000000000000000000000111100000000000010001000000000010000100000000000100000110000010001001000
000000000000000000000000000111101000000000010000100000000010000000100000000100000100000100100100
000000000000000011100000000000100001000000000010000100000000010000000100000000110001000001010000
000000000000000000111100000000000010001000000000010000100000000000100000100000000100010000101000
000000000000000000000111100000000000010001000000000010000100000000000100000100000001000100010100
001001000000000001000000001000000000000000000000000000000000000000000000000000000000000000000000
000000000100001000000000000100000010000000000000000000000000000000000000000000000000000000000000
000000000000000000000100000010000000000000001000001000000000000000000000000000000000000000000000
000000000000000000000000000000000000010000001000000000000000100000001000000000000000000000000000
000000000000000000000000000000000000000000000000000010000001000000000000000000100001000000000000
000000000000000000000000000000000000000000000000000000000000000000000100000010010000100000000000
000000000000000000000000000000000000000000000000000000000000000000001000000000000000010101000000
000000000000000000000000000000000000000000000000000000000000000000010000010000000000001000000000
000000000000000000000000000000000000000000000000000000001000000000100000000000000000010000001000
000000000000000000000000000000000000000001000000100000000000000000000001000000000000010000000000
000000000000000000000000010000001000000000000000000001000000000000000000100000000000000000000000
000000000000100000000000000000100000010000000000000000010000000000000000000000000000000000000000
000010000000000100001000000000000000000010000000000000000000000000000000000000000000000000000000
000001001000000000000000100000000000000000000000000000000000000000000000000000000000000000000000
110000100000000000000000010000000000000000000000000000000000000000000000000000000000000000000000
101000000100001000000100000000001111111111111110000001000000000000000000000000110000100001000000
000000000000000000000000000000000001101100000000000011000000000000000010000000000000000000000000
000000000000000000000000000000000000110110000000000001100000000000000001000000000000000000000000
000000000000000000000000000000000000011011000000000000110000000000000000100000000000000000000000
000000000000000000000000000000000000001101100000000000011000000000000000010000000000000000000000
000000000000000000000000000000000000000110110000000000001100000000000000001000000000000000000000
000000000000000000000000000000000000000011011000000000000110000000000000000100000000000000000000
000000000000000000000000000000000000000001101100000000000011000000000000000010000000000000000000
000000000000000000000000000000000000000000110110000000000001100000000000000001000000000000000000
000000000000000000000000000000001000000000011010000000000000110000000000000000100000000000000000
000000000000000000000000000000001100000000001101000000000000010010000000000000000000000000000000
000000000000000000000000000000000110000000000111100000000000000001000000000000000000000000000000
000000000000000000000000000000001011000000000010110000000000000000100000000000000000000000000000
000000000000000000000000000000001101100000000000011000000000000000010000000000000000000000000000
000000000000000000000000000000000110110000000000001100000000000000001000000000000000000000000000
000000000000000000000000000000000011011000000000000110000000000000000100000000000000000000000000
000000000010000000000011000000000000011011000000000000000000000000000000000000000000000000000000
000000000000000000000000000000000000001101100000000000011000000000000000010000000000000000000000
000000000000000000000000000000000000000110110000000000001100000000000000001000000000000000000000
000000000000000000000000000000000000000011011000000000000110000000000000000100000000000000000000
000000000000000000000000000000000000000001101100000000000011000000000000000010000000000000000000
000000000000000000000000000000000000000000110110000000000001100000000000000001000000000000000000
000000000000000000000000000000001000000000011010000000000000110000000000000000100000000000000000
000000000000000000000000000000001100000000001101000000000000010010000000000000000000000000000000
000000000000000000000000000000000110000000000111100000000000000001000000000000000000000000000000
000000000000000000000000000000001011000000000010110000000000000000100000000000000000000000000000
000000000000000000000000000000001101100000000000011000000000000000010000000000000000000000000000
000000000000000000000000000000000110110000000000001100000000000000001000000000000000000000000000
000000000000000000000000000000000011011000000000000110000000000000000100000000000000000000000000
101000000100001000000100000000001111111111111110000001000000000000000000000000110000100001000000
100011101000110001000000010100000010100001000000001000001001000000001100010000000001110010010000
110000010000100000111100000000000010001000100000011000100000000000100000100100000110010100101100
100100100001000000000000100000001111111111111110000000001000000000100000000000000100001000100000
100011100010100101000000010000100010000101000001001000001000000000001000110000001001110000001000
000000000000000000111100000000000010001000000000010000100000000000100000100000000100010000101000
011111000000000000000000000000000000000000000000000000000000000000000000000000000000000001111100
000000101010101000000000000000000000000000000000000000000000000000000000000000001010101010000000
000000000000000010010010010010000000000000000000000000000000000001001001001001000000000000000000
000000000000000000000000000000001001001001001000100100100100100000000000000000000000000000000000
000000000000000000000000000000000100100100100101001001001001000000000000000000000000000000000000
000000000000000001001001001001000000000000000000000000000000000010010010010010000000000000000000
000000010101010100000000000000000000000000000000000000000000000000000000000000010101010100000000
000000101010101000000000000000000000000000000000000000000000000000000000000000001010101010000000
011111000000000000000000000000000000000000000000000000000000000000000000000000000000000001111100
