101000000100001000000100000000000000000000000100000001000000000000000000000000110000100001000000
100010001000010000000000000100000000100000000000000000000001000000000100000000000001000010010000
110000010000100000100000000000000000000000100000001000000000000000000000000100000010000100000100
100100100001000000000000100000000100000000000000000000001000000000100000000000000100001000100000
111111000000000000001000000000001111111111111110000000000000000000000000000000000000000001111100
100000000000000000001000000000000000000000000000000000000100000000000000000000000000000000000000
011111000000000000001000000000000000000000000000000000000100000000000000000000001000000000000000
000000111111111100001000000000100000000000000000000000000100000000000000000000001000000000000000
100000000000000000001000000000101111111111111110000000000100000000000000000000001000000000000000
100000000000000000001000000000100000000000000001111111111111110000000000000000001000000000000000
100000000000000000001000000000100000000000000000000000100100000011111111111111101000000000000100
100000000000000000001000000000100000000000001000000000100100000000000000000000011111111110001100
100000000000000000001000000000100000000000001000100000100100000000000000000000001000000001111100
100000000000000000001000000000100001000000001000100000100100000000000000000000011111111111111100
100000001000000000001000000000100001000000001000100000100100000011111111111111111111111111111100
100000001000000000001000000000100001000100001001111111111111110011111111111111111111111111111100
100000001000000000001000000000101111111111111111111111111111110011111111111111111111111111111100
100000001000000011111111111111101111111111111111111111111111110011111111111111111111111111111100
100000111111111111111111111111101111111111111111111111111111110011111111111111111111111111111100
111111111111111111111111111111101111111111111111111111111111110011111111111111111111111111111100
111111111111111111111111111111101111111111111111111111111111110011111111111111111111111111111100
111111111111111111111111111111101111111111111111111111111111110011111111111111111111111111111100
100000111111111111111111111111101111111111111111111111111111110011111111111111111111111111111100
111111001001000011111111111111101111111111111111111111111111110011111111111111111111111111111100
111111111111111101001000000001101111111111111111111111111111110011111111111111111111111111111100
111111111111111111111111111111100001000101001001111111111111110011111111111111111111111111111100
111111111111111111111111111111101111111111111110100000100100100011111111111111111111111111111100
111111111111111111111111111111101111111111111111111111111111110000010100000000011111111111111100
111111111111111111111111111111101111111111111111111111111111110011111111111111111000001001111100
111111111111111111111111111111101111111111111111111111111111110011111111111111111111111110010100
111111111111111111111111111111101111111111111111111111111111110011111111111111111000001000010100
111111111111111111111111111111101111111111111111111111111111110000010101000000011000001000010100
111111111111111111111111111111101111111111111110100000100100100000010101000000011000001000010100
111111111111111111111111111111100001000101011000100000100100100000010101000001011000001000010100
111111111111111111001010110001100001000101011000100000100100100000010101000001011000001000010100
111111101001001011001010110001100001000101011000100000100100100000010101000001011000001000010100
100001101001001011001010110001100001001101011000100000100100100000010101000001011000001000010100
100001101001001011001010110001100001001101111000100000100100100000010101000001011000001000010100
100001101001001011001010110001100001111101111000100101100100100000010101000001011000001000110100
100001101001001011001010110001100001111101111010100101100100100000010101000001011000001000110100
101001101001001011001010110001100001111101111010100101100100100000010101000001011000001000110100
101001101001001011001010110001100001111101111010100101100100100000010111000001011000001000110100
101001101001001011001010110001100001111101111010100101100100100000010111000101011000001000110100
101001101001001011001010110001101001111101111010100101100100100000010111000101011000001000110100
101001101001001011001010110001101001111101111010100101100100100000010111000101011000001000110100
101001101001001011001010110001101001111111111010100101100100100000010111000101011000001000110100
101001101001001011001010110001101001111111111010100101100100100000010111000101011000001000111100
101001101001001011001110110001101001101111111010100011100100100000010111000101011000001000111100
101001101001001011001110110001101001101111111010100011100100110000010111000101011000001000111100
101001101001001011001110110001101001101111111010100111100100110000010111000101011000001000111100
111001101001001011001110110001101001101111111010100111100100110000010111000101011000001000111100
111001101001001011001110110001101001101111111010100111100100110000010111010101011000001000111100
111001101001001011001110111001101001101111111010100111100100110000010111010101011000001000111100
111001101001001011001110111001101001101111111010100111100100110000010111010101011000001001111100
111001101001001011001110111001101001101111111010101111100100110000010111010101011000001001111100
111011101001001011001110111001101001101111111010101111100100110000010111010101011000001001111100
111011101001001011001110111001101001101111111010101111100100110000010111010101011000001001111100
111011101001001011011010111001101001111111111010101111100110110000010111010101011000001001111100
111011101001001011011010111001101001111111111010101111100110110000010111010101011000001011111100
111011101001001011111010111001101001111111111010101111100110110000010111010101011000001011111100
111011101011001011111010111001101001111111111010101111100110110000010111010101011000001011111100
111011101011001011111010111001101001111111111010101111100110110000010111010101011000011011111100
111011101011001011111010111001101001111111111010101111100111110000010111010101011000011011111100
111011101011001011111010111001101101111111111010101111100111110000010111010101011000011011111100
111011101111001011111010111001101101111111111010101111100111110000010111010101011000011011111100
111011101111001011111010111001101101111111111010101111101111110000010111010101011000011011111100
111011101111001011111010111001101101111111111010101111101111110000010111010111011000011011111100
111011101111001011101010111001101101111111111011101101111111110000011111010111011000011011111100
111011111111001011101010111001101101111111111011101101111111110000011111010111011000011011111100
111011111111001011101011111001101101111111111011101101111111110000011111010111011000011011111100
111011111111001011101011111001101101111111111011101101111111110000011111010111011000111011111100
111011111111001011101011111001101101111111111011101101111111110000011111010111111000111011111100
111011111111001111101011111001101101111111111011101101111111110000011111010111111000111011111100
111011111111001111111011111001101101111111111011101101111111110000011111010111111000111011111100
111011111111001111111011111001101101111111111011101101111111110000011111010111111000111011111100
111011111111001111111011111001101101111111111011101101111111110000011111010111111000111111111100
111011111111001111111011111011101101111111111011101101111111110000011111010111111000111111111100
111111111111001111111011111011101101111111111011111111111111110000010111110111111000111111111100
111111111111001111111011111011101101111111111011111111111111110000010111110111111000111111111100
111111111111001111111011111111101101111111111011111111111111110000010111110111111000111111111100
111111111111001111111011111111101101111111111011111111111111110010010111110111111000111111111100
111111111111001111111011111111101111111111111011111111111111110010010111110111111000111111111100
111111111111001111111111111111101111111111111011111111111111110010010111110111111000111111111100
111111111111101111111111111111101111111111111011111111111111110010010111110111111000111111111100
111111111111101111111111111111101111111111111011111111111111110011010111110111111000111111111100
111111111111101111111111111111101111111111111011111111111111110011010111110111111000111111111100
111111111111111111111111111111101111111111111011111111111111110011010111110111111000111111111100
111111111111111111111111111111101111111111111011111111111111110011110111110111111000111111111100
111111111111111111111111111111101111111111111011111111111111110011110111110111111001111111111100
111111111111111111111111111111101111111111111111111111111111110011110111110111111001111111111100
111111111111111111111111111111101111111111111111111101111111110011110111110111111011111111111100
111111111111111111111111111111101111111111111111111111111111110011110111110111111011111111111100
111111111111111111111111111111101111111111111111111111111111110011111111110111111011111111111100
111111111111111111111111111111101111111111111111111111111111110011111111110111111111111111111100
000000000000000000000000000000000000000000000000000000000000000000000000000000000000000000000000
000000000000000000000000000000000000000000000000000000000000000000000000000000000000000000000000
000000000000000000000000000000000000000000000000000000000000000000000000000000000000000000000000
100100000001000000000000100000000000000000000000000000001000000000000000000000000000001000000000
101000000010000000000000000000000000000100000000000000000000000000000000100000000000010000001000
101100000100000000000100000000000000000000000000000001000000000000000000000000000000100000000000
100010001010000000000100000000000000100000000000000000000000000000000100000000000001000000010000
110001010001000000100010000000000000001000000000001000000000000000000000000000000010000000000000
110001000000100100000001000000100000000100000001000000100000000000000000000000001000000000000000
100000000000011000000000100000000000000010000100000000010000000000000000100000110000000001000000
100010000000011000000000010100000000000001000000000000001001000000000000010000000000010010000000
100000000000100100000000001000000000000000100000000000000100000000000000001100000000001100001100
000000100000000000000000000100000000000000010000000000000010000000000000000100000000000100000100
000000010000000000000000000010000000000000001000000000000001000000000000000010000000000011000000
000000001000000000000000000001000000000000000100000000000000100000000000000001010000000000100000
000000000000000000000000000000100000000000000010000000000000010000000000000000101000000000010000
000000000000000010000000000000001000000000000001000000000000000010000000000000000100000000000000
000000000000000001000000000000000100000000000000100000000000000001000000000000000010000000000000
000000000000000000100000000000000010000000000000010000000000000000100000000000000001000000000000
000000000000000000010000000000000001000000000000001000000000000000010000000000000000100000000000
000000000000000000001000000000000000100000000000000100000000000000001000000000000000000000000000
000000000000000000000000000000000000010000000000000010000000000000000100000000000000000000000000
000000000000000000000000000000000000000000000000000001000000000000000010000000000000000000000000
000000000000000000000000000000000000000000000000000000000000000000000001000000000000000000000000
000000000000000000000000000000001111111111111110000000000000000000000000000000000000000000000000
111111010101010100100100100100101011011011011010110110110110110000100100100100110101010101111100
000000000000000000000000000000000000000000000000000000000000000000000000000000001010101011111100
000000000000000000000000000000000000000000000001001001001001000011011011011011001010101010000000
000000000000000011011011011011001011011011011011001001001001000011011011011011000000000000000000
000000010101010110010010010010001001001001001000000000000000000000000000000000000000000000000000
000000000000000010110110110110101001001001001000000000000000000000000000000000000000000000000000
000000010101010100100100100100101001001001001000000000000000000000000000000000000000000000000000
000000111111111100100100100100100000000000000000000000000000000000000000000000000000000000000000
011111111111111100000000000000000000000000000000000000000000000000000000000000000000000000000000
111111000000000000000000000000000000000000000000000000000000000000000000000000000000000000000000
100000101010101000100100100100100100100100100101001001001001000000100100100100101010101011111100
100000000000000000000000000000000000100000010000000000100000000000000000000000000000000000000000
000010000000000000000000000000000000010000000000000000010001000000000000000000000000000000000000
000000000000010000000000000000000000000000000000000001001000000000000000000001000000000000000000
000000000000000000000000000100000000000000000000000000000100000000000001000000010000000000000000
000000000000000000000000000000000000000000010000000000000010000000000000000000001000010000000000
000000000000000000000000000000000000000000000000000000000011000000000000000000000100000000001000
000000000000000000000000000000000000000000000000000000000000100000010000000100000000000000000000
000000000000000000000000000000000000000000000000001000000000010000000000001000000000000000100000
000000000000000000000000000000000001000000000001000000000000000000000000010000000100000000000000
000000000000000000010000000000000000000000000000100000000000000000100000100000000000000000000000
000000001000000000000000000000000000000000000000010000100000000000000000000000000000000000000000
001000000000000000000000000000000010001000000000001000000000000000000000000000000000000000000000
000100000000000000000100000000000001000000000000000100000000000000000000000000000000000000000000
000000000100100000000000000000000000000000000000000010000000000000000000000000000000000000000000
001000000000000000000000000000000000000000000000000001000000000000000000000000000000000000000000
000000000001110000000001111110000000000110001100000000110000110010000001100000111000110001111000
101111000110001100000110000001101000011000000011100011000000000001111110000000000111000000000000
000000011100000001111110000000000110001100000000110000110000000001100000110000001100011001101100
111101100011000110000001100000101000000011000011000000001100010010000000001111110000000110000000
000000110000000111110000000001100001100000000110000110000000110000000110000001110001100011011100
101111000110001100000110000001101000011000000011100011000000000001111110000000000111000000000000
000000000000000011111111111111101111111111111110000000000000000000000000000000000000000000000000
111100011011000000110001100000000001100110000000000111110000000000000111100000000000000000000000
000000000000011110000000001111101100000000110000110000000110000000110000001100000110001100111100
001100001111100000011000011000000001100000110000001100000011000000011000000011011110000011100000
000000001000000000000000000000000000000000000000000000000000000000000000000000001000000000000000
000000000000000000010000000000000000000000000000000000000000000001000000000000000000000000000000
000000000000000000000000000000000001000000000000100000000000000000000000000000000000000000000000
000000000000000000000000000000000100000000000000001000000000000000000000000000000000000000000000
000000000000000001000000000000000000000000000000000000000000000000010000000000000000000000000000
000000010000000000000000000000000000000000000000000000000000000000000000000000000100000000000000
000000001000000000000000000000000000000000000000000000000000000000000000000000001000000000000000
100101000011000100000000100000100000000100000001000000001000000000000000100000001000011000001000
100001000010000000000000000000000000000100000000000000000000000000000000100000000000010000001000
101010000100000000000100000000000000000000000000000001000000000000000000000000000000100000000000
100100001000000000000000000000000000100000000000000000000000000000000100000000000001000000010000
111000010000000000100000000000000000000000000000001000000000000000000000000000000010000000000000
110001000000000100000000000000100000000000000001000000000000000000000000000000001000000000000000
100001000000001100000000000000000000000000000100000000000000000000000000000000110000000001000000
100010000000010000000000000100000000000000000000000000000001000000000000000000000000000010000000
100100000001100000000000000000000000000000100000000000000000000000000000000100000000000100000100
101000000100000000000000000000000000000000000000000000000000000000000000000000000000000000000000
110000010000000000000000000000000000000000000000000000000000000000000000000000000000000000000000
100001000000000100000000000000100000000000000000000000000000000000000000000000000000000000000000
100010000000010000000000000100000000000000000000000000000000000000000000000000000000000000000000
100100000001000000000000100000000000000000000000000000000000000000000000000000000000000000000000
101000000100000000000100000000000000000000000000000000000000000000000000000000000000000000000000
110000010000000000100000000000000000000000000000000000000000000000000000000000000000000000000000
100001000000000100000000000000100000000000000000000000000000000000000000000000000000000000000000
000001000000000100000000000000000000000000000000000000000000000000000000000000000000000000000000
000000000000000000000000000111100000000000000000000000000000000000000000000000000000000000000000
000000000000000000000000000000100000000000000010000000000000010000000000000000100000000000000000
000000000000000000000000000000101000000000000000100000000000000000100000000000000000000000000000
000000000000000011000000000000100000000000000000000000000000000000000000000000000000000000000000
000001000000000100000000000000100000000000000000000000000000000000000000000000000000000000000000
000000000000000000000000000011100000000000000000000000000000000000000000000000000000000000000000
000000000000000000000000000000100000000000000010000000000000010000000000000000000000000000000000
000000000000000000000000000000101000000000000000100000000000000000000000000000000000000000000000
000000000000000010000000000000100000000000000000000000000000000000000000000000000000000000000000
000000000000000100000000000000100000000000000000000000000000000000000000000000000000000000000000
000000000000000000000000000001100000000000000000000000000000000000000000000000000000000000000000
000000000000000000000000000000100000000000000010000000000000000000000000000000000000000000000000
000000000000000000000000000000101000000000000000000000000000000000000000000000000000000000000000
000000000000000000000000000000100000000000000000000000000000000000000000000000000000000000000000
000000000000000000000000000000000000000000000000000000000000000000000000000000000000000000000000
000000000000000000000000000000100000000000000000000000000000000000000000000000000000000000000000
000000000000000000000000000000000000000000000000000000000000000000000000000000000000000000000000
000000000000000000000000000000100000000000000000000000000000000000000000000000000000000000000000
000000000000000000000000000000001000000000000000000000000000000000000000000000000000000000000000
000000000000000000000000000000000000000000000000100000000000000000000000000000000000000000000000
000000000000000000000000000000000000000000000000000000000000000000000000000000000000000000000000
000000000000000000000000000000000000000000000000000000000000000000100000000000000000000000000000
000000000000000000000000000000000000000000000000000000000000000000000000000000000000000000000000
000000000000000000000000000000000000000000000000000000000000000000110000000000000000000000000000
000000000000000000000000000000000000000000000000010000000000000000100000000000000000000000000000
000000000000000000000000000000000000000000000000100000000000000000100000000000000000000000000000
000000000000000000000000000000000000000000000000000000000000000001100000000000000000000000000000
000000000000000000000000000000000000000000000000000000000000000000100000000000000100000000000000
000000000000000000000000000000000000000000000000000000000000000000111000000000000000000000000000
000000000000000000000000000000000010000000000000010000000000000000100000000000000000000000000000
000000000000000000000000000000001000000000000000100000000000000000100000000000000000000000000000
000000000000000000000000000000000000000000000000000000000000000011100000000000000000000000000000
000000000000000000000000000000000000000000000000000000000000000000100000000000000100000000100000
000000000000000000000000000000000000000000000000000000000000000000111100000000000000000000000000
000000000000000000100000000000000010000000000000010000000000000000100000000000000000000000000000
000000000000000000000000000000101000000000000000100000000000000000100000000000000000000000000000
000000000000000000000000000000000000000000000000000000000000000011100000000000100000000000000000
000000000000000000000000000000000000000000000000000000000000000000100000000000000100000000101000
000000000000000000000000000000000000000000000000000000000000000000011100000000000000000000000000
000000000000000000100000000000000010000000000000010000000000000000000000000000000000000000000000
000000000000000000000000000000101000000000000000100000000000000000000000000000000000000000000000
000000000000000000000000000000000000000000000000000000000000000011000000000000100000000000000000
000000000000000000000000000000000000000000000000000000000000000000000000000000000100000000100000
000000000000000000000000000000000000000000000000000000000000000000001100000000000000000000000000
000000000000000000100000000000000010000000000000000000000000000000000000000000000000000000000000
000000000000000000000000000000101000000000000000000000000000000000000000000000000000000000000000
000000000000000000000000000000000000000000000000000000000000000010000000000000100000000000000000
000000000000000000000000000000000000000000000000000000000000000000000000000000000000000000100000
000000000000000000000000000000000000000000000000000000000000000000000100000000000000000000000000
000000000000000000000000000000000000000000000000000100000000000000000000000000000000000000000000
000000000000000000000000000000000001000000000000000000000000000000000000000000000000000000000000
000000000000000000100000000000000000000000000000000000000000000000000000000000000000000000000000
000000000000000001000000000000000000000000000000000000000000000000000000000000000000000000000000
000000000000000010000000000000000000000000000000000000000000000000000000000000000000000000000000
000000000000000000000000000000100000000000000000000000000000000000000000000000000000000000000000
000000000000000000000000000000000000000000000010000000000000000000000000000000000000000000000000
000000000000000000000000000000000000000000000000000000000000010000000000000000000000000000000000
000000000000000000000000000000000000000000000000000000000000000000000000000000100000000000000000
000000000000000000000000000000000000000000000000000000000000000000000000000000010000000000000000
000000000000000000000000000000000000000000000000000000000000000000000000000000000000000001000000
000000000000000000000000000000000000000000000000000000000000000000100100100100100000000000000000
000000000000000000000000000000000000000000000000000000000000000000100100100100100000000000000000
000000000000000000000000000000000000000000000000000000000000000000100100100100100000000000000000
000000000000000000000000000000000000000000000000000000000000000000100100100100100000000000000000
000000000000000000000000000000000000000000000000000000000000000000100100100100100000000000000000
000000000000000000000000000000000000000000000000000000000000000000100100100100100000000000000000
000000000000000000000000000000000000000000000000000000000000000000100100100100100000000000000000
000000000000000000100100100100101011011011011010110110110110110000100100100100100000000000000000
101100000010000000100111100100101011011011011010110110110110110000100100100100100000000000000000
111110100010001100100111100100101011011011011010110110110110110000100100100100100000000000000000
111110110010001100100111100100101011011011011010110110110110110000100100100100100000000000000000
111110110010001100100111100100101011011011011010110110110110110000000000000000000000000000000000
111111111111111111011011011011000100100100100100000000000000000000000000000000000000000000000000
000000000000000000000000000000000100100100100100000000000000000000000000000000000000000000000000
000000000000000000000000000000000010010010010010000000000000000000000000000000000000000000000000
000000000000000000000000000000001001001001001000000000000000000000000000000000000000000000000000
000000000000000000000000000000000100100100100100000000000000000000000000000000000000000000000000
000000000000000000000000000000000010010010010010000000000000000000000000000000000000000000000000
000000000000000000000000000000001001001001001000000000000000000000000000000000000000000000000000
000000000000000000000000000000000100100100100100000000000000000000000000000000000000000000000000
000000000000000000000000000000000010010010010010000000000000000000000000000000000000000000000000
000000000000000000000000000000001001001001001000000000000000000000000000000000000000000000000000
000000000000000000000000000000000100100100100100000000000000000000000000000000000000000000000000
000000000000000000000000000000000010010010010010000000000000000000000000000000000000000000000000
000000000000000000000000000000001001001001001000000000000000000000000000000000000000000000000000
000000000000000000000000000000000100100100100100000000000000000000000000000000000000000000000000
000000000000000000000000000000000010010010010010000000000000000000000000000000000000000000000000
000000000000000000000000000000001001001001001000000000000000000000000000000000000000000000000000
000000000000000000000000000000000100100100100100000000000000000000000000000000000000000000000000
000000000000000000000000000000000010010010010010000000000000000000000000000000000000000000000000
000000000000000000000000000000001001001001001000000000000000000000000000000000000000000000000000
000000000000000000000000000000000100100100100100000000000000000000000000000000000000000000000000
000000000000000000000000000000000000000000000000100100100100100000000000000000000000000000000000
000000000000000000000000000000000000000000000000000000000000000000100100100100100000000000000000
000000000000000000000000000000000000000000000000000000000000000000000000000000010101010100000000
000000000000000000000000000000000000000000000000000000000000000000000000000000010101010101111100
000000000000000000000000000000000000000000000000000000000000000000000000000000000000000001111100
000000000000000000000000000000000000000000000000000000000000000000000000000000010101010100000000
000000000000000000000000000000000000000000000000000000000000000000100100100100100000000000000000
000000000000000000000000000000000000000000000000100100100100100000000000000000000000000000000000
000000000000000000000000000000000100100100100100000000000000000000000000000000000000000000000000
110011010000011001100000000110100110000000001001110000000000110011100000000000100000000000000000
110010110000010101100000000101101110000000001101010000000000110011100000000000100000000000000000
110010010000010011100000000100100010000000001010010000000000110011100000000000100000000000000000
110010110000010101100000000101101110000000001101010000000000110011100000000000100000000000000000
001100101000110111010000000100101101000000001000001000000000100011110000000000100000000000000000
000000000000000000000000000111101000000000010000100000000010110010100000000101110100000100100100
000000000000000000000000000111101000000000011110100000000010110011100000000101111100000101100100
000000000000000000000000000111101000000000000001100000000011110000100000000100000100000100100100
000000000000000000000000000000000000000000000000000000000000000000000000000000000000000000000000
000000000000000000000000000111101000000000010000100000000010110010100000000101110100000100100100
000000000000000000000000000111101000000000010000100000000010110010100000000101110100000100100100
000000000000000000000000000111101000000000011110100000000010000000100000000100101100000111100100
000000000000000111000000000111001010000000000001101000000011110001000000000100000100000100100100
000000000000000111000000000111001010000000011110101000000010000011000000000111000100000100100100
000000000000000000000000000111101000000000010000100000000010110010100000000101110100000100100100
000000000000000000000000000111101000000000010000100000000010110010100000000101110100000100100100
000000000000000111000000000111100010000000001001101000000011010000010000000100001100000101100100
000000000000000111000000000111001010000000001011101000000011010011000000000100000100000100100100
000000000000000111000000000111001010000000001011101000000011010011000000000100000100000100100100
000000000000000111000000000111001010000000001011101000000011010011000000000100000100000100100100
000000000000000111000000000111001010000000001011101000000011010011000000000100000100000100100100
110001010000000111100000000000100000000000000000000000000000000000000000000000000000000000000000
100011000000010100000000000111100000000000000000000000000000000000000000000000000000000000000000
100110000001010000000000111100000000000000000000000000000000000000000000000000000000000000000000
101100000101000000000111100000000000000000000000000000000000000000000000000000000000000000000000
111000010100000000111100000000000000000000000000000000000000000000000000000000000000000000000000
000000100000000000000000000000000000000000000000000000000000000000000000000000000000000000000000
000000000000001000000000000000000000000000000000000000000000000000000000000000000000000000000000
000000000000100000000000000000000000000000000000000000000000000000000000000000000000000000000000
000000000010000000000000000000000000000000000000000000000000000000000000000000000000000000000000
000000001000000000000000000000000000000000000000000000000000000000000000000000000000000000000000
111000010100000000111100000000000000000000000000000000000000000000000000000000000000000000000000
000000010000000000000000000000000000000000000000000000000000000000000000000000000000000000000000
010000000000000000000000000000000000000000000000000000000000000000000000000000000000000000000000
100000000000000000000000000000000000000000000000000000000000000000000000000000000000000000000000
000010000000000000000000000000000000000000000000000000000000000000000000000000000000000000000000
000000000000010000000000000000000000000000000000000000000000000000000000000000000000000000000000
000000000000000000000000000100000000000000000000000000000000000000000000000000000000000000000000
000000000000000000000000000000000000000000010000000000000000000000000000000000000000000000000000
000000000000000000000000000000000000000000000000000000000010000000000000000000000000000000000000
000000000000000000000000000000000000000000000000000000000000000000000000000100000000000000000000
000000000000000000000000000000000000000000000000000000000000000000000000001000000000000000000000
000000000000000000000000000000000000000000000000000000000000000000000000010000000000000000000000
000000000000000000000000000000000000000000000000000000000000000000000000100000000000000000000000
000000000000000000000000000000000000000000000000000000100000000000000000000000000000000000000000
000000000000000000000000000000000000001000000000000000000000000000000000000000000000000000000000
000000000000000000000100000000000000000000000000000000000000000000000000000000000000000000000000
000000000100000000000000000000000000000000000000000000000000000000000000000000000000000000000000
001000000000000000000000000000000000000000000000000000000000000000000000000000000000000000000000
000100000000000000000000000000000000000000000000000000000000000000000000000000000000000000000000
000000000000100000000000000000000000000000000000000000000000000000000000000000000000000000000000
000000000000000000000000001000000000000000000000000000000000000000000000000000000000000000000000
000000000000000000000000000000000000000000100000000000000000000000000000000000000000000000000000
000000000000000000000000000000000000000000000000000000000100000000000000000000000000000000000000
000000000000000000000000000000000000000000000000000000001000000000000000000000000000000000000000
000000000000000000000000000000000000000000000000000000010000000000000000000000000000000000000000
000000000000000000000000000000000000000100000000000000000000000000000000000000000000000000000000
000000000000000000000010000000000000000000000000000000000000000000000000000000000000000000000000
000000000010000000000000000000000000000000000000000000000000000000000000000000000000000000000000
000100000000000000000000000000000000000000000000000000000000000000000000000000000000000000000000
000000000000100000000000000000000000000000000000000000000000000000000000000000000000000000000000
000000000000000000000000010000000000000000000000000000000000000000000000000000000000000000000000
000000000000000000000000010000000000000001000000000000000000000000000000000000000000000000000000
000000000000000000000000010000000000000011000000000000000000000000000000000000000000000000000000
000000000000000000000001010000000000000011000000000000000000000000000000000000000000000000000000
000000000001000000000001010000000000000011000000000000000000000000000000000000000000000000000000
000000000000000000000000000000000000000010000000000000100000000000000000000000000000000000000000
000000000000000000000000000000000000000001000000000000010000000000000000000000000000000000000000
000000000000000000000000000000000000000000100000000000001000000000000000000000000000000000000000
000000000000000000000000000000000000000000010000000000000100000000000000000000000000000000000000
000000000000000000000000000000000000000000001000000000000010000000000000000000000000000000000000
000000000000000000000000000000000000000000000100000000000001000000000000000000000000000000000000
000000000000000000000000000000000000000000000010000000000000100000000000000000000000000000000000
000000000000000000000000000000001000000000000000000000000000010000000000000000000000000000000000
000000000000000000000000000000000100000010000001000000100000000000000000000000000000000000000000
000000000000000000000000000000000010000001000000100000010000000000000000000000000000000000000000
000000000000000000000000000000000001000000100000010000001000000000000000000000000000000000000000
000000000000000000000000000000000000100000010000001000000100000000000000000000000000000000000000
000000000000000000000000000000000000010000001000000100000010000000000000000000000000000000000000
000000000000000000000000000000000000001000000100000010000001000000000000000000000000000000000000
000000000000000000000000000000000000000100000010000001000000100000000000000000000000000000000000
000000000000000000000000000000001000000010000000000000100000010000000000000000000000000000000000
000000000000000000000000100000000100000000000001000000000000000000000000100000000000000000000000
000000000000000000000000010000000010000000000000100000000000000000000000010000000000000000000000
000000000000000000000000001000000001000000000000010000000000000000000000001000000000000000000000
000000000000000000000000000100000000100000000000001000000000000000000000000100000000000000000000
000000000000000000000000000010000000010000000000000100000000000000000000000010000000000000000000
000000000000000000000000000001000000001000000000000010000000000000000000000001000000000000000000
000000000000000000000000000000100000000100000000000001000000000000000000000000100000000000000000
000000000000000010000000000000000000000010000000000000100000000010000000000000000000000000000000
000000000000000001000000100000000000000000000000000000000000000001000000100000000000000000000000
000000000000000000100000010000000000000000000000000000000000000000100000010000000000000000000000
000000000000000000010000001000000000000000000000000000000000000000010000001000000000000000000000
000000000000000000001000000100000000000000000000000000000000000000001000000100000000000000000000
000000000000000000000100000010000000000000000000000000000000000000000100000010000000000000000000
000000000000000000000010000001000000000000000000000000000000000000000010000001000000000000000000
000000000000000000000001000000100000000000000000000000000000000000000001000000100000000000000000
000000000001000010000000000000000000000000000000000000000000000010000000000000000000010000000000
000000000000100001000000000000000000000000000000000000000000000001000000000000000000001000000000
000000000000010000100000000000000000000000000000000000000000000000100000000000000000000100000000
000000000000001000010000000000000000000000000000000000000000000000010000000000000000000010000000
000000000000000100001000000000000000000010000000000000100000000000001000000000010000000000000000
000000100000000000000100000000000000000001000000000000010000000000000100000000001000000000000000
000000010000000000000010000000000000000000100000000000001000000000000010000000000100000000000000
000000001000000000000001000000000000000000010000000000000100000000000001000000000010000000000000
000000000101000000000000000000000000000000001000000000000010000000000000000000000001010000000000
000000000010100000000000000000000000000010000100000000100001000000000000000000000000101000000000
000100000000010000000000000000000000000001000010000000010000100000000000000000000000000100001000
000010000000001000000000000000001000000000100000000000001000010000000000000000000000000010000100
000001000000000100000000000000000100000000010001000000000100000000000000000000010000000001000000
010000100000000000000000000000000010000000001000100000000010000000000000000000001000000000100000
001000010000000000000000000000000001000000000100010000000001000000000000000000000100000000010000
100000001000000000000000000000000000100000000010001000000000100000000000000000000010000000000000
100000000100000000000000000000001000010000000000000100000000010000000000000000000001000000000000
100000000010000000000000000000000100001000000001000010000000000000000000000000000000100000000000
100100000000000000000000000000000010000100000000100001000000000000000000000000000000000000001000
100010000000000000000000000000000001000010000000010000100000000000000000000000000000000000000100
000001000000000000000000100000000000100000000000001000000000000000000000100000000000000001000000
010000000000000000000000010000000000010000000000000100000000000000000000010000000000000000100000
001000000000000000000000001000000000001000000000000010000000000000000000001000000000000000010000
100000000000000000000000000100000000000100000000000001000000000000000000000100000000000000000000
100000000000000000000000000010000000000010000000000000100000000000000000000010000000000000000000
100000000000000000000000100001000000000000000000000000000000000000000000100001000000000000000000
100000000000000100000000010000000000000000000000000000000000000000000000010000010000000000000000
100000100000000000000000001000000000000000010000000000000000000000000000001000001000000000000000
010000000000000000000000000100000000000000001000000000000000000000000000000100000100000000000000
001000000000000000000000000010000000000000000100000000000000000000000000000010000010000000000000
000100000000000000000000000001000000000000000010000000000000000000000000000001000001000000000000
000010000000000000000000000000101000000000000000000000000000000000000000000000100000100000000000
000001000000000010000000000000000100000000000000000000000000000010000000000000000000000000001000
100000000000000001000000000000000000000000000000000000000000000001000000000000000000000000000100
000000000000000000100000000000000000000000000000000000000000000000100000000000000000000001000000
000000000000000000010000000000000000000000000000000000000000000000010000000000000000000000100000
000000000000000000001000000000000000000000000000000000000000000000001000000000000000000000010000
000000000100000000000100000000000000000000000000000000000000000000000100000000000000000000000000
000000000010000000000010000000000000000000000000000000000000000000000010000000000000000000000000
000100000000000000000001000000000000000000000000000000000000000000000001000000000000000000000000
000001000001000000000000000000000000000000000000000000000000000000000000000000000000010000000000
000000000000100000000000000000000000000000000000000000000000000000000000000000000000001000000000
000000000000010000000000000000000000000000000000000000000000000000000000000000000000000100000000
000000000000001000000000000000000000000000000000000000000000000000000000000000000000000010000000
000000000000000100000000000000000000000010000000000000100000000000000000000000010000000000000000
100000000000000000000000000000000000000000000000000000000000000000000000000000000000000000000000
111111000000000000000000000000000000000000000000000000000000000000000000000000000000000000000000
011111010101010100000000000000000000000000000000000000000000000000000000000000000000000000000000
000000010101010100100100100100100000000000000000000000000000000000000000000000000000000000000000
000000000000000000100100100100101011011011011010000000000000000000000000000000000000000000000000
000000000000000000000000000000001011011011011010110110110110110000000000000000000000000000000000
000000000000000000000000000000000000000000000000110110110110110000100100100100100000000000000000
000000000000000000000000000000000000000000000000000000000000000000100100100100110101010100000000
000000000000000000000000000000000000000000000000000000000000000000000000000000010101010101111100
000000000000000000000000000000000000000000000000000000000000000000000000000000000000000001111100
000000000000000000000000000000000000000000000000000000000000000000000000000000010101010101111100
000000000000000000000000000000000000000000000000000000000000000000100100100100110101010100000000
000000000000000000000000000000000000000000000000110110110110110000100100100100100000000000000000
000000000000000000000000000000001011011011011010110110110110110000000000000000000000000000000000
000000000000000000100100100100101011011011011010000000000000000000000000000000000000000000000000
000000010101010100100100100100100000000000000000000000000000000000000000000000000000000000000000
011111010101010100000000000000000000000000000000000000000000000000000000000000000000000000000000
011111000000000000000000000000000000000000000000000000000000000000000000000000000000000000000000
100000000000000000000000000000000000000000000000000000000000000000000000000000000000000000000000
011111111111111100000000000000000000000000000000000000000000000000000000000000000000000000000000
000000000000000000000000000000000000000000000000000000000000000000000000000000000000000000000000
100000000000000000000000000000000000000000000000000000000000000000000000000000000000000000000000
000000000000000000000000000000000000000000000000000000000000000000000000000000000000000000000000
000000000000000000000000000000000000000000000000000000000000000000000000000000000000000001111100
000000000000000000000000000000000000000000000000000000000000000000000000000000000000000000000000
100000000000000000000000000000000000000000000000000000000000000000000000000000000000000000000000
011111111111111100000000000000000000000000000000000000000000000000000000000000000000000000000000
000000000000000000000000000000000000000000000000000000000000000000000000000000000000000000000000
011111111111111100000000000000000000000000000000000000000000000000000000000000000000000000000000
100000000000000000000000000000000000000000000000000000000000000000000000000000000000000000000000
000000000000000000000000000000000000000000000000000000000000000000000000000000000000000000000000
000000000000000000000000000000000000000000000000000000000000000000000000000000000000000001111100
000000000000000000000000000000000000000000000000000000000000000000000000000000000000000000000000
100000000000000000000000000000000000000000000000000000000000000000000000000000000000000000000000
000000000000000000000000000000000000000000000000000000000000000000000000000000000000000000000000
011111111111111100000000000000000000000000000000000000000000000000000000000000000000000000000000
000000000000000000000000000000000000000000000000000000000000000000000000000000000000000000000000
100000000000000000000000000000000000000000000000000000000000000000000000000000000000000000000000
000000000000000000000000000000000000000000000000000000000000000000000000000000000000000000000000
000000000000000000000000000000000000000000000000000000000000000000000000000000000000000001111100
000000000000000000000000000000000000000000000000000000000000000000000000000000000000000000000000
100000000000000000000000000000000000000000000000000000000000000000000000000000000000000000000000
011111111111111100000000000000000000000000000000000000000000000000000000000000000000000000000000
011111111111111100000000000000000000000000000000000000000000000000000000000000000000000000000000
000000000000000000000000000000000000001000000000000001100000000000000011100000000000000000000000
000000000000000000000000000000000000000001000000000000001100000000000000011100000000000000000000
000000000000000000000000000000000000000000001000000000000001100000000000000011100000000000000000
000000000000000000000000000000001000000000000001100000000000000011100000000000000000000000000000
000000000000000000000000000000000001000000000000001100000000000000011100000000000000000000000000
000000000000000000000000000000000000001000000000000001100000000000000011100000000000000000000000
000000000000000000000000000000000000001000000000000001100000000000000011100000000000000000000000
000000000000000000000000000000000001000000000000001100000000000000011100000000000000000000000000
000000000000000000000000000000000000001000000000000001100000000000000011100000000000000000000000
000000000000000000000000000000000000000000001000000000000001100000000000000011100000000000000000
000000000000000000000000000000001000000000000001100000000000000011100000000000000000000000000000
000000000000000000000000000000001000000000000001100000000000000011100000000000000000000000000000
000000000000000000000000000000000000000000000000000000000000000000000000000000000000000000000000
101100100101001000000100100000000100000000000100000001001000000000100000000000110100101001100000
100110101001010000000000100100000100100000000000000000001001000000100100000000000101001010110000
100100100001000000000000100000000100000000000000000000001000000000100000000000000100001000100000
101000000100001000000100000000000000000000000100000001000000000000000000000000110000100001000000
110000010000100000100000000000000000000000100000001000000000000000000000000100000010000100000100
100001000010000100000000000000100000000100000001000000000000000000000000100000001000010000001000
100010001000010000000000000100000000100000000000000000000001000000000100000000000001000010010000
000000000000000000000000000000000000000000000000000000000000000000000000000000000000000000000000
000000000000000000000000000000000000000000000000000000000000000000000000000000000000000000000000
000000000000000000000100000011000000011000001010000011100000110000000000000000000000000000000000
000000000000000000001000000110000000110000010100000111000001100000000000000000000000000000000000
000000000000000000010000001100000001100000101000001110000011000000000000000000000000000000000000
000000000000000000100000011000000011000001010000011100000110000000000000000000000000000000000000
000000000000000001000000110000000110000010100000111000001100000000000000000000000000000000000000
000000000000000010000001100000001100000101000001110000011000000000000000000000000000000000000000
000000000000000000000000000000101000000000000011100000000000010000000000000000000000000000000000
000000000000000000000011000001000000001010000111000000110000110000000000000000000000000000000000
000000000000000000000110000010000000010100001100000001100001110000000000000000000000000000000000
000000000000000000001100000100000000101000011000000011000011100000000000000000000000000000000000
000000000000000000011000001000000001010000110000000110000111000000000000000000000000000000000000
000000000000000000110000010000000010100001100000001100001110000000000000000000000000000000000000
000000000000000001100000100000000101000011000000011000011100000000000000000000000000000000000000
000000000000000011000000100000001010000011000000110000011100000000000000000000000000000000000000
000000000000000010000001000000100100000110000011100000111000000000000000000000000000000000000000
000000000000000000000010000001101000001100000101000001110000010000000000000000000000000000000000
000000000000000000000100000000000000011000000000000011100000000000000000000000000000000000000000
000000000000000000001000000000000000110000000000000111000000000000000000000000000000000000000000
000000000000000000010000000000000001100000000000001110000000000000000000000000000000000000000000
000000000000000000100000000000000011000000000000011100000000000000000000000000000000000000000000
000000000000000001000000000000000110000000000000111000000000000000000000000000000000000000000000
000000000000000010000000000000001100000000000001110000000000000000000000000000000000000000000000
000000000000000000000000000000101000000000000011100000000000010000000000000000000000000000000000
000000000000000000000000000001000000000000000111000000000000110000000000000000000000000000000000
000000000000000000000000000010000000000000001100000000000001110000000000000000000000000000000000
000000000000000000000000000100000000000000011000000000000011100000000000000000000000000000000000
000000000000000000000000001000000000000000110000000000000111000000000000000000000000000000000000
000000000000000000000000010000000000000001100000000000001110000000000000000000000000000000000000
000000000000000000000000100000000000000011000000000000011100000000000000000000000000000000000000
000000000000000000000000100000000000000011000000000000011100000000000000000000000000000000000000
000000000000000000000001000000000000000110000000000000111000000000000000000000000000000000000000
000000000000000000000010000000000000001100000000000001110000000000000000000000000000000000000000
000000001000000000011000000000000000000000000000000000000000000000000000000000000000000000000000
000000000000000000011000000000000000100000000000000000000000000000000000000000000000000000000000
000000000000000000010000000000000001100000000000000000000000000000000000000000000000000000000000
000000000000000000110000000000000001000000000000000000000000000000000000000000000000000000000000
000000000000000000100000000000000011000000000000000000000000000000000000000000000000000000000000
000000000000000000000000000000000011000000000000001000000000000000000000000000000000000000000000
000000000000000000000000000000000010000000000000011000000000000000000000000000000000000000000000
000000000000000000000000000000000000000000000000001000000000000000011000000000000000000000000000
000000000000000000000000000000000000000000000000000000000000000000011000000000000010000000000000
000000000000000000000000000000000000000000000000000000000000000000010000000000000110000000000000
000000000000000000000000000000000000000000000000000000000000000000000000000000000110000000100000
000000000000000000000000000000000000000000000000000000000000000000000000000000001100000000100000
000000000000000000000000000000000000000000000000000000000000000000000000000000001000000001100000
000000000000000000000000000000000000000000000000000000000000000000000000000000011000000001000000
000000000000000000000000000000000000000000000000000000000000000000000000000000010000000011000000
000000000000000000000000000000000000000000000000000000000000000000000000000000000000000011000100
000000000000000000000000000000000000000000000000000000000000000000000000000000000000000110000100
000000000000000000000000000000000000000000000000000000000000000000000000000000000000001100000100
000000000000000000000000000000000000000000000000000000000000000000000000000000000000001000001100
000000000000000000000000000000000000000000000000000000000000000000000000000000000000011000001000
000000000000000000000000000000000000000000000000000000000000000000000000010000000000011000000000
000000000000000000000000000000000000000000000000000000000000000000000000110000000000010000000000
000000000000000000000000000000000000000000000000000000000000000000000001100000000000010000000000
000000000000000000000000000000000000000000000000000000100000000000000001100000000000000000000000
000000000000000000000000000000000000000000000000000000110000000000000000100000000000000000000000
000000000000000000000000000000000000000100000000000000110000000000000000000000000000000000000000
000000000000000000000000000000000000001100000000000000100000000000000000000000000000000000000000
000000000000000000000010000000000000001100000000000000000000000000000000000000000000000000000000
000000000000000000000110000000000000001000000000000000000000000000000000000000000000000000000000
000000000000000000000100000000000000011000000000000000000000000000000000000000000000000000000000
000000000000000000001100000000000000010000000000000000000000000000000000000000000000000000000000
000000000000000000001000000000000000110000000000000000000000000000000000000000000000000000000000
000000000000000000000000000000000000110000000000000010000000000000000000000000000000000000000000
000000000000000000000000000000000000100000000000000110000000000000000000000000000000000000000000
000000000000000000000000000000000001100000000000000100000000000000000000000000000000000000000000
000000000000000000000000000000000001000000000000001100000000000000000000000000000000000000000000
000000000000000000000000000000000000000000000000001100000000000000001000000000000000000000000000
000000000000000000000000000000000000000000000000001000000000000000011000000000000000000000000000
000000000000000000000000000000000000000000000000011000000000000000010000000000000000000000000000
000000000000000000000000000000000010000000000000011000000000000000000000000000000000000000000000
000000000000000000000000000000000110000000000000010000000000000000000000000000000000000000000000
000000000000000001000000000000000110000000000000000000000000000000000000000000000000000000000000
000000000000000011000000000000000100000000000000000000000000000000000000000000000000000000000000
000000100000000011000000000000000000000000000000000000000000000000000000000000000000000000000000
000000100000000110000000000000000000000000000000000000000000000000000000000000000000000000000000
000001100000000100000000000000000000000000000000000000000000000000000000000000000000000000000000
000001000000001100000000000000000000000000000000000000000000000000000000000000000000000000000000
000011000000001000000000000000000000000000000000000000000000000000000000000000000000000000000000
100011000000000000000000000000000000000000000000000000000000000000000000000000000000000000000000
100110000000000000000000000000000000000000000000000000000000000000000000000000000000000000000000
000110000000100000000000000000000000000000000000000000000000000000000000000000000000000000000000
000100000001100000000000000000000000000000000000000000000000000000000000000000000000000000000000
000000000001100000000000010000000000000000000000000000000000000000000000000000000000000000000000
000000000001000000000000110000000000000000000000000000000000000000000000000000000000000000000000
000000000001000000000001100000000000000000000000000000000000000000000000000000000000000000000000
000000000000000000000001100000000000000010000000000000000000000000000000000000000000000000000000
000000000000000000000000100000000000000011000000000000000000000000000000000000000000000000000000
000000000000000000000000000000000000000011000000000000001000000000000000000000000000000000000000
000000000000000000000000000000000000000010000000000000011000000000000000000000000000000000000000
000000000000000000000000000000000000000000000000000000010000000000000000110000000000000000000000
000000000000000000000000000000000000000000000000000000011000000000000000010000000000000000000000
000000000000000000000000000000000000000000000000000000000000000000000000011000000000001000000000
000000000000000000000000000000000000000000000000000000000000000000000000010000000000011000000000
000000000000000000000000000000000000000000000000000000000000000000000000000000000000011000001000
000000000000000000000000000000000000000000000000000000000000000000000000000000000000110000001000
000000000000000000000000000000000000000000000000000000000000000000000001000000000000110000000000
000000000000000000000000000000000000000000000000000000000000000000000011000000000000100000000000
000000000000000000000000000000000000000000000000000001000000000000000011000000000000000000000000
000000000000000000000000000000000000000000000000000011000000000000000010000000000000000000000000
000000000000000000000000000000000000010000000000000011000000000000000000000000000000000000000000
000000000000000000000000000000000000110000000000000010000000000000000000000000000000000000000000
000000000000000000001000000000000000110000000000000000000000000000000000000000000000000000000000
000000000000000000011000000000000000100000000000000000000000000000000000000000000000000000000000
000000001000000000000000000000000001010000000000000000000000000000000000000000000000000000000000
000000001000000000011000000000000001110000000000000000000000000000000000000000000000000000000000
010001111000000001111000000000000011110000000000011111000000000000000000000000000000000000000000
000000010000000001110000000000000011010000000000000011000000000000000000000000000000000000000000
000000111000000001010000000000000111110000000000001011000000000000000000000000000000000000000000
000000111000000001110000000000000111110000000000001011000000000000000000000000000000000000000000
000000000000000000011000000000000001110000000000000110000000000000000000000000000000000000000000
000000000000000000000000000000000000000000000000000000000000000000000000000000000000000000000000
000000000000000000000000000000000000000000000000000000010000000000000000000000000000000000001000
000000000000000000000000000000000000000000000000000000000000000000000000010000000000000000000100
000000000000000000000000000000000000000000000000000000000000000000000000000000000000010001000000
000000000000000000000000000000000000000000000000000000000000000000000001000000000000000000100000
000000000000000000000000000000000000000000000000000000100000000000000000000000000000000000010000
000000000000000000000000000000000000000100000000000000000000000000000000000000000000010000000000
000000000000000000000000000000000000000010000000000000000000000000000000000000000000001000000000
000000000000000000000000000000000000000000000000000000001000000000000000000000000000000100000000
000000000000000000000000000000000000000000000000000000000000000000000000001000000000000010000000
000000000000000000000000000000000000000000000000000000000000000000000000000000010000001000000000
000000000000000000000000000000000000000000000000000000000000000000000000000000001000000000001000
000000000000000000000000000000000000000000000000000000000000000000000000000000000100100000000000
000000000000000000000000000000000000000000000000000000000000000000000010000000000010000000000000
000000000000000000000000000000000000000000000000000001000000000000000000000000000001000000000000
000000000000000000000000000000000000001000000000000000000000000000000000000000000000100000000000
000000000000000000000001000000000000000000000000000000000000000000000000100000000000000000000000
000000000000000000000000100000000000000000000000000000000000000000000000010000000000000000000000
000000000000000000000000000000000000000001000000000000000000000000000000001000000000000000000000
000000000000000000000000000000000000000000000000000000000100000000000000000100000000000000000000
000000000000000000000000000000000000000000000000000000000000000000000000000110000000000000000000
000000000000000000000000000000000000000000000000000000000000000000000000000001000000000100000000
000000000000000000000000000000000000000000000000000000000000000000000000000000100000000000000100
000000000000000000000000000000000000000000000000000000000000000010000000000000000000000000000000
000000000000000000000000000000000000000000000000000000000000000001000000000000000000000000010000
000000000000000000000000000000000000000000000000000000000000000000100000000000000001000000000000
000000000000000000000000000000000000000000000000000000000000000000010100000000000000000000000000
000000000000000000000000000000000000000000000000000010000000000000001000000000000000000000000000
000000000000000000000000000000000000010000000000000000000000000000000100000000000000000000000000
000000000000000000000100000000000000000000000000000000000000000000000010000000000000000000000000
000000000000000000000010000000000000000000000000000000000000000000000001000000000000000000000000
000000000000000000000001000000000000000000000000000000100000000000000000000000000000000000000000
000000000000000000000000100000000000000000000000000000010000000000000000000000000000000000000000
000000000000000000000000000000000000000000100000000000001000000000000000000000000000000000000000
000000000000000000000000000000000000000000000000000000000110000000000000000000000000000000000000
000000000000000000000000000000000000000000000000000000000010000000000000000010000000000000000000
000000000000000000000000000000000000000000000000000000000001000000000000000000000000000010000000
000000000000000000000000000000000000000000000000000000000000100000000000000000000000000001000000
000000000000000000000000000000000000000000000000000000000000010000000000000000000000000000100000
000000000000000000000000000000000000000000000001000000000000000000000000000000000010000000000000
000000000000000000000000000000000000000000000000100000000000000000001000000000000000000000000000
000000000000000000000000000000000000000000000000010100000000000000000000000000000000000000000000
000000000000000000000000000000000000100000000000001000000000000000000000000000000000000000000000
000000000000000000001000000000000000000000000000000100000000000000000000000000000000000000000000
000000000100000000000000000000000000000000000000000010000000000000000000000000000000000000000000
000000000010000000000000000000000000000000000000000001000000000000000000000000000000000000000000
000000000001000000000000000000000000001000000000000000000000000000000000000000000000000000000000
000000000000000000000000010000000000000100000000000000000000000000000000000000000000000000000000
000000000000000000000000000000000000000010010000000000000000000000000000000000000000000000000000
000000000000000000000000000000000000000001000000000000000001000000000000000000000000000000000000
000000000000000000000000000000000000000000100000000000000000000000000000000001000000000000000000
000000000000000000000000000000000000000000010000000000000000000000000000000000010000000000000000
000000000000000000000000000000000000000000001000000000000000000000000000000000001000000000000000
000000000000000000000000000000000000000000000100000000000000000000000000000000000100000000000000
000000000000000000000000000000000000000000000010000000000000000000010000000000000000000000000000
000000000000000000000000000000001000000000000000001000000000000000000000000000000000000000000000
000000000000000000000000000000000101000000000000000000000000000000000000000000000000000000000000
000000000000000000010000000000000010000000000000000000000000000000000000000000000000000000000000
000000001000000000000000000000000001000000000000000000000000000000000000000000000000000000000000
001000000000000000000000000000000000100000000000000000000000000000000000000000000000000000000000
000100000000000000000000000000000000010000000000000000000000000000000000000000000000000000000000
000000000000100000000100000000000000000000000000000000000000000000000000000000000000000000000000
000000000000000000000010000100000000000000000000000000000000000000000000000000000000000000000000
000000000000000000000001000000000000000000001000000000000000000000000000000000000000000000000000
000000000000000000000000100000000000000000000000000000000000100000000000000000000000000000000000
000000000000000000000000010000000000000000000000000000000000000000000000000000100000000000000000
000000000000000000000000001000000000000000000000000000000000000010000000000000000000000000000000
000000000000000000000000000100000000000000000000000000000000000001000000000000000000000000000000
000000000000000000000000000010000000000000000000000000000000000000100000000000000000000000000000
000000000000000000000000000001000000000000000000010000000000000000000000000000000000000000000000
000000000000000000000000000000100010000000000000000000000000000000000000000000000000000000000000
000000000000000010100000000000000000000000000000000000000000000000000000000000000000000000000000
000000010000000001000000000000000000000000000000000000000000000000000000000000000000000000000000
010000000000000000100000000000000000000000000000000000000000000000000000000000000000000000000000
000001000000000000010000000000000000000000000000000000000000000000000000000000000000000000000000
000000000000001000001000000000000000000000000000000000000000000000000000000000000000000000000000
000000000100000000000000000010000000000000000000000000000000000000000000000000000000000000000000
000000000010000000000000000000000000000000000100000000000000000000000000000000000000000000000000
000000000001000000000000000000000000000000000000000000000000010000000000000000000000000000000000
000000000000100000000000000000000000000000000001000000000000000000000000000000000000000000000000
000000000000010000000000000000000000000000000000100000000000000000000000000000000000000000000000
000000000000001000000000000000000100000000000000000000000000000000000000000000000000000000000000
000000000000000101000000000000000000000000000000000000000000000000000000000000000000000000000000
000000100000000000000000000000000000000000000000000000000000000000000000000000000000000000000000
000000010000000100000000000000000000000000000000000000000000000000000000000000000000000000000000
000000001000000000000000000001000000000000000000000000000000000000000000000000000000000000000000
001000000000000000000000000000000000000000000010000000000000000000000000000000000000000000000000
000100000000000000000000000000001000000000000000000000000000000000000000000000000000000000000000
000010000000000010000000000000000000000000000000000000000000000000000000000000000000000000000000
000001000000000100000000000000000000000000000000000000000000000000000000000000000000000000000000
010000000000000000000000000000100000000000000000000000000000000000000000000000000000000000000000
100110000010001000000010000001000000001000000011000001000000000001000010000000000111000000000000
000011100000100001000000010000000010000001000000001000001000000000001000010000000001110000000000
010001001000001000001000000010000000010000001000000001000001000000000001000010000000011100000000
011000100010000010000001000000001000000010000001000000001000000010000000001000010000000110000000
001100001000100000010000001000000001000000010000001000000001000000010000000001011100000000000000
101001000100000100000100000000101000010000000000100010000000000000111100000000000000000000000000
110100010001000000100000100000000001000010000000000100010000000000000111100000000000000000000000
101010000100010000000100000100000000001000010000000000100010000000000000111100000000000000000000
100101000001000100000000100000100000000001000010000000000100010000000000000111100000000000000000
110010010000010000100000000100000010000000001000010000000000100011100000000000100000000000000000
101001000100000100000100000000101000010000000000100010000000000000111100000000000000000000000000
110100010001000000100000100000000001000010000000000100010000000000000111100000000000000000000000
101010000100010000000100000100000000001000010000000000100010000000000000111100000000000000000000
100101000001000100000000100000100000000001000010000000000100010000000000000111100000000000000000
110010010000010000100000000100000010000000001000010000000000100011100000000000100000000000000000
010000101000000010001000000000000100100000000000011100000000000000000000000000000000000000000000
001000001010000000010001000000000000100100000000000011100000000000000000000000000000000000000000
000100000010100000000010001000000000000100100000000000011100000000000000000000000000000000000000
000010000000101000000000010001000000000000100100000000000011100000000000000000000000000000000000
000001100000001001000000000010000100000000000101100000000000010000000000000000000000000000000000
101001000100000100000100000000101000010000000000100010000000000000111100000000000000000000000000
110100010001000000100000100000000001000010000000000100010000000000000111100000000000000000000000
101010000100010000000100000100000000001000010000000000100010000000000000111100000000000000000000
100101000001000100000000100000100000000001000010000000000100010000000000000111100000000000000000
110010010000010000100000000100000010000000001000010000000000100011100000000000100000000000000000
000110000010001000000010000001000000001000000011000001000000000001000010000000000111000000000000
000011100000100001000000010000000010000001000000001000001000000000001000010000000001110000000000
010001001000001000001000000010000000010000001000000001000001000000000001000010000000011100000000
011000100010000010000001000000001000000010000001000000001000000010000000001000010000000110000000
001100001000100000010000001000000001000000010000001000000001000000010000000001011100000000000000
001000000101000110001011010001001100011011000010000000000000000000000000000000000000000000000000
001101101010101001010011001010000100100100100101100011111100010000000000000000000000000000000000
111110010101010000100101100100000011001010011000010100110010100011100111111100100000000000000000
011111101000101001011000011010000011010011011000001001001001000000011001010011011101111100000000
000000110111011110011000011001000100100000100100010110001110100000011010001011000010101011111100
000000000001000011100111110111101001010011010010100110000110010000100100001100110101000101110100
000100000010100000000010001000001110001110101111001001011101000011001010001010001010101111101000
101010000100010000000100000100000000001000010000110000110010110011010001111101010100010010000000
010001001001001000001001010010000000010011001000000001010001000000000001000010010000011100000000
000100110010100100010010001001000000100100100100000010011100100010000010000001000000100010001100
101010000100010111100110000101101001001000010011000100100010010000000100111100110001000001010000
010001101100001001001000000010001110010000001101101001000001010010001001000010001010011100100000
110010110000010100110000000101000010100000001100110010000000100011110010000001100100100010001100
011100001000100011110000001000100001000000010010001100000001010000110100000001111101000001010000
001000000111000000001000010000001110100000100001001100000010000010001000000010001010000011100000
000000010000000001010111100000000011010001000000110010000100000001010100000100000101000100010100
010000101000010010001000001010000100101110011000011101001000000000000010001000000000101000001000
101011000100101100000100010001101000010000100100100010110011100000111101010000000000010000000000
100111000011001100000010100001100000001000000011000001000100010001000010000111100111000000000000
011000100011110010000001000010001000000110000101000000101000010010000001001000011000100110110000
000000011100000001001010111100000100011110001000100000010000100001000000110000111000011001001100
001000001010000000111101000000000010101101110000010011101001000000100000110001000100011010101100
110100010001000000100000100000000001110010000000001101010110000000010111101010000010100100010000
000011100000100001000000010000000010000001000000001110001000000000001010010000000001110000000000
000000010000011111010000001000000111000000100000010000000100000000010000001000000010001000011000
010000101000000010001000000111101100100000010000111100000010000000100000000100000100000100100100
101001000100000100000100000000101000010000001111100010000001000001111100000010001000000011000000
000110000010001000000010000001000000001000000011000001000000110011000010000001010111000000000000
000000000001110000000001000010000000000100000100000000100000010010000001000000001000100000110000
000000000000000000000000111100000000000010001000000000010000100000000000100000110000010001001000
000000000000000000000000000000000000000001110000000000001001000000000000010001000000001010000100
000000000000000000000000000000000000000000000000000000000110000000000000001010000000000100000000
011111000000000000000000000000000000000000000000000000000000000000000000000000000000000000000000
000000111111111100000000000000000000000000000000000000000000000000000000000000000000000000000000
000000000000000011111111111111100000000000000000000000000000000000000000000000000000000000000000
011111000000000000000000000000001111111111111110000000000000000000000000000000000000000000000000
000000111111111100000000000000000000000000000001111111111111110000000000000000000000000000000000
000000000000000011111111111111100000000000000000000000000000000011111111111111100000000000000000
000000000000000000000000000000001111111111111110000000000000000000000000000000011111111110001000
000000000000000000000000000000000000000000000001111111111111110000000000000000000000000001111100
000000000000000000000000000000000000000000000000000000000000000011111111111111100000000000000000
000000000000000000000000000000000000000000000000000000000000000000000000000000011111111110000000
000000000000000000000000000000000000000000000000000000000000000000000000000000000000000001111100
000000000000000000000000000000000000000000000000000000000000000000000000000000000000000000000000
000000000000000000000000000000000000000000000000000000000000000000000000000000000000000000000000
000000000000000000000000000000000000000000000000000000000000000000000000000000000000000000000000
000000000000000000000000000000000000000000000000000000000000000000000000000000000000000000000000
000000000000000000000000000000000000000000000000000000000000000000000000000000000000000000000000
000000000000000000000000000000000000000000000000000000000000000000000000000000000000000000000000
000000000000000000000000000000000000000000000000000000000000000000000000000000000000000000000000
000000000000000000000000000000000000000000000000000000000000000000000000000000000000000000000000
000000000000000000000000000000000000000000000000000000000000000000000000000000000000000000000000
110010010000010000100000000100000010000000001000010000110000100011100001010000100000010000000000
100101000001000100000000100000100000000001000010000110000100010000001010000111100001000000000000
101010000100010000000100000100000000001000010000110000100010000001010000111100000100000000000000
110100010001000000100000100000000001000010000000000100010000110010000111100001010000000000000000
000000000000000000000000000000000000000000000000000000000110000000000000001010000000000100000000
000000000000000000000000000000000000000000000000000000000000110010000000000001010000000000000000
000000000000000000000000000000000000000000000000110000000000000001010000000000000100000000000000
000000000000000000000000000000000000000000000000001100000000000000010100000000000011000000000000
000000000000000000000000000000000000000000000000000000110000000000000001010000000000010000000000
000000000001110000000001000010000000000100000100000000100000010010000001000000001000100000110000
000000000000011110000000001000000100000000100000010000000100000000010000001000000010001000011000
000000110000000100010000000001000000100000000100000010000000100000000010000001000000100010001100
000000011100000001000010000000000100000100000000100000010000000001000000010000001000001001000100
000000000111000000001000010000000000100000100000000100000010000000001000000010000010000011100000
000001100000001001000000000010000100000000000101100000000000010000000000000000000000000000000000
000010000000101000000000010001000000000000100100000000000011100000000000000000000000000000000000
000100000010100000000010001000000000000100100000000000011100000000000000000000000000000000000000
001000001010000000010001000000000000100100000000000011100000000000000000000000000000000000000000
010000101000000010001000000000000100100000000000011100000000000000000000000000000000000000000000
000000000100000000001010000000000000011000000000000000000000000000000000000000000000000000000000
000000000001000000000001010000000000000011000000000000000000000000000000000000000000000000000000
000000000000010000000000001010000000000000011000000000000000000000000000000000000000000000000000
000000000000000110000000000001001000000000000010000000000000000000000000000000000000000000000000
000000010000000001010000000000000011000000000000000000000000000000000000000000000000000000000000
000001100000001001000000000010000100000000000101100000000000010000000000000000000000000000000000
000010000000101000000000010001000000000000100100000000000011100000000000000000000000000000000000
000100000010100000000010001000000000000100100000000000011100000000000000000000000000000000000000
001000001010000000010001000000000000100100000000000011100000000000000000000000000000000000000000
010000101000000010001000000000000100100000000000011100000000000000000000000000000000000000000000
101001000100000100000100000000101000010000000000100010000000000000111100000000000000000000000000
110100010001000000100000100000000001000010000000000100010000000000000111100000000000000000000000
101010000100010000000100000100000000001000010000000000100010000000000000111100000000000000000000
100101000001000100000000100000100000000001000010000000000100010000000000000111100000000000000000
110010010000010000100000000100000010000000001000010000000000100011100000000000100000000000000000
000110000010001000000010000001000000001000000011000001000000000001000010000000000111000000000000
000011100000100001000000010000000010000001000000001000001000000000001000010000000001110000000000
010001001000001000001000000010000000010000001000000001000001000000000001000010000000011100000000
011000100010000010000001000000001000000010000001000000001000000010000000001000010000000110000000
001100001000100000010000001000000001000000010000001000000001000000010000000001011100000000000000
000000000001110000000001000010000000000100000100000000100000010010000001000000001000100000110000
000000000000011110000000001000000100000000100000010000000100000000010000001000000010001000011000
000000110000000100010000000001000000100000000100000010000000100000000010000001000000100010001100
000000011100000001000010000000000100000100000000100000010000000001000000010000001000001001000100
000000000111000000001000010000000000100000100000000100000010000000001000000010000010000011100000
000000000000000000000000111100000000000010001000000000010000100000000000100000110000010001001000
000000000000000000000000000111101000000000010000100000000010000000100000000100000100000100100100
000000000000000011100000000000100001000000000010000100000000010000000100000000110001000001010000
000000000000000000111100000000000010001000000000010000100000000000100000100000000100010000101000
000000000000000000000111100000000000010001000000000010000100000000000100000100000001000100010100
000000000000000000000000000000000000000001110000000000001001000000000000010001000000001010000100
000000000000000000000000000000000000000000001111000000000001000001000000000010001000000011000000
000000000000000000000000000000001110000000000001001000000000000010001000000000001010000000100000
000000000000000000000000000000000011110000000000010001000000000000100001000000000100100000110000
000000000000000000000000000000000000001110000000000001001000000000000010001000000000101000001000
000000000000000000000000000000000000000000000000000000000110000000000000001010000000000100000000
000000000000000000000000000000000000000000000000000000000000110010000000000001010000000000000000
000000000000000000000000000000000000000000000000110000000000000001010000000000000100000000000000
000000000000000000000000000000000000000000000000001100000000000000010100000000000011000000000000
000000000000000000000000000000000000000000000000000000110000000000000001010000000000010000000000
000000000000000000000000000000000000000000000000000000000000000000000000000000000000000000000000
