000000000000000000000000000000000000000000000000000000000000000001000000000010000000010000000000
000000000000000000000000000000000000000000000000100000000001000000000000100000000000000000000000
000000000000000000000000000000000100000000001000000000100000000000000000000000000000000000000000
000000000000000001000000000010000000001000000000000000000000000000000000000000000000000000000000
000000010000001000000100000000000000000000000000000000000000000000000000000000000000000000000000
000001001000000000000000000000000000000000000000000000000000000000000000000000000000000000000000
010000100100000000000000000000000000000000000000000000000000000000000000000000000000000000000000
000000001000000100000010000000000000000000000000000000000000000000000000000000000000000000000000
000000000000000000001000000001000000000100000000000000000000000000000000000000000000000000000000
000000000000000000000000000000000000010000000100000000010000000000000000000000000000000000000000
000000000000000000000000000000000000000000000000000010000000100000000000010000000000000000000000
000000000000000000000000000000000000000000000000000000000000000000000100000001000000001000000000
000000000000000000000000000000000000000000000000000000000000000000000000000000000010000010000100
000000000000000000000000000000000000000000000000000000000000000000000000000000000000000001101000
000000000000000000000000000000000000000000000000000000000000000000000000000000001000100001000000
000000000000000000000000000000000000000000000000000000000000000001000010000000000000000010000000
000000000000000000000000000000000000000000000000100010000000000000000000000010000000000000000000
000000000000000000000000000000000000100000000000000000000010000000100000000000000000000000000000
000000000000000000010000000000000000000000100000000000000000000000000000000000000100000000000000
000000010000000000000000010000000000000000000000000000000000000000000000000000000000000000100000
000000100001000000000000000000000000000000000000000000000000000000000000000000000000000000000000
000001000010000000000000000000000000000000000000000000000000000000000000000000000000000000001000
000010000100000000000000000000000000000000000000000000000000000000000000000000000000001000000000
000000000000100000001000000000000000000000000000000000000000000000000000001000000000000000000000
000000000000000000000000010000000000100000000000000000000100000000000000000000000000000000000000
000000000000000000000000000000000000000001000000000100000010000000000000000000000000000000000000
000000000000000000000000000000000000000000000000000000001001000000001000000000000000000000000000
000000000000000000000000000000000000000000000000000000000000100000000000010000000010000000000000
000000000000000000000000000000000000000000000000000000000000010000000000000000000000010000100000
000000000000000000000000000000000000000000000001000000000000000000000000000000000000100001000000
000000000000000000000000000000000000000000000000100000000000000000000000000000000001000010000000
000000000000000000000000000000000000000000000000010000000000000000001000000010000000000000000000
000000000000000000000000000000000000000000000000001000000010000000010000000000000000000000000000
000000000000000000000000000000000000000000100000000100000000000000100000000000000000000000000000
000000000000000000000000010000000000000000000001000010000000000000000000000000000000000000000000
000000000001000000000000000000000000000000000100000001000000000000000000000000000000000000000000
000000000010000000000000000100000000000000000000000000010000000000000000000000000000000000000000
000000000100100000000000000000000000000000000000000000001000000000000000000000000000000000000000
000100000000000000001000000000000000000000000000000000000100000000000000000000000000000000000000
001000000000000000000000000000000000100000000000000000000000000000000000000100000000000000000000
000000001000000000001000000000000000000000000000000000000000000000000000000000000000000100000000
000000010000000000000000000000000000100000000000000000000000000000000000000000000000000000000100
000000000000000001000000000000000000000000000000000100000000000000000000000000000000000001000000
000000000000000000000000000000000100000000000000000000000000000000001000000000001000000000000000
000000000000000000000000000000000000000000000000100000000000000000000000000000000010000001000000
000000000000000000000000000000000000000000000000000000000000000001000000000000000000000000100000
000000000000000000000000000000000000000000000000000000000000000010000000000000001000000000000000
000000000000000000000000000000000000000000000000000000000000000000000000000000100000000000000000
000000000000000000000000000000000000000000000000000000000000100001000000000000000000000000010000
000000000000000000000000000000000000000000001000100000000000000000000000000000000000100000000000
000000000000000000000000000100000100000000000000000000000000000000000000000000000000010000000000
000000000000010001000000000000000000000000000000000000000000000000000000010000000000000000000000
000010010000000000000000000000000000000000000000000000001000000000000000000000000000000000000000
000000001000000000010000000000000000000001000000000000000000000000000000000000000000000000000000
000000000000000000000010010000000000100000000000000000000000000000000000000000000000000000000000
000000000000100000000000000000000000000100000000000010000000000000000000000000000000000000000000
000010000000000000000000000000000000000000000000000000010000000000000010000000000000000000000000
000001000000000000000000000000000000000000000000000000000000000000000000010000000000100000000000
000000100000000000000000000000000000000000000000000000000000000000000000000000000000001000001000
000000000000000001000000000000000000000000000000000000000000000000000000000000000000000000010100
000000000000000000000000000000000010000000000000000000000000000000000000000000000000000001100000
000000000000000000000000000000000000000000000000001000000000000000000000000000001010000000000000
000000000000000000000000000000000000000000000000000000000000000001001000000000000001000000000000
000000000000000000000000000000000000000000000000100000000000000000000000000000000000000000010000
000000000000000000000000000000000100000000000000000000000000000000000000000000000000100010000000
000000000000000001000000000000000000000000000000000000000000000000000000000010000000010000000000
000000010000000000000000000000000000000000000000000000000010000000000000000000000000000000001000
010000000000000000000000000000000000000000100000000000000000000000000000000000001000000000000000
100000000000000000000000010000000000000000000001000000000000000000000000000000000000000000000000
000000000001100000000000000000000000000000000010000000000000000000000000000000000000000000000000
000000000010000000000000001001000000000000000000000000000000000000000000000000000000000000000000
000000000100001000000000000000000000000000010000000000000000000000000000000000000000000000000000
000010000000000000001000000000000000000000000000000000000001000000000000000000000000000000000000
000100000000000000010000000000000000000000000000000000000000000000000000000001000000000000000000
000000000010000000100000000000000000000000000000000000000000000000000000000000000000000010000000
000000000000000001000010000000000000000000000000000000000000000000000000000000000000000000000100
000000000000000010000000000000000000001000000000000000000000000000000000000000000000000000010000
000000000000000000000000000000100000000000000000000001000000000000000000000000000010000000000000
000000000000000000000000000001000000000000000000000000000000000000010010000000000000000000000000
000000000000000000000000000010000000000000000000010000000000000000000000000000000001000000000000
000000000000000000000000000100000100000000000000000000000000000000000000000000000010000000000000
000000000000000010000000001000000000000000000000000000000000000000000000000000000000000000100000
000000000000000100000000010000000000000000000000000000000000000000000000000000000000000001000000
000001000000000000000000100000000000000000000000000000000000000000000000000000000000000010000000
100000000000000000000001000000000000000000000000000000000000000000000000000010000000000000000000
000000000010000000000000000000000000000100000000000000000010000000000000000000000000000000000000
000000000000000000000001000000000000000000100000000000100000000000000000000000000000000000000000
000000000000000000000000010000000000000010000000000000000000000000000000100000000000000000000000
000000000001000000000000000000000000000000000000000000001000000000000000000000000000010000000000
000100000000000000000000000000000000000000000000000000000000000000000000001000000000000000001000
000001000000000000000000000000000000000000000000000000000000000000000000000000000000000101000000
000000000000000100000000000000000000000000000000000000000000000000000000000000010000000010000000
