000000000000000000000000000000000000000000000000000100000000000000000000000000000000000000000000
000000000000000000000000000000000000000000000000000100000000000000000000000000000000000000000000
000000000000000000000000000000000000000000000000000100000000000000000000000000000000000000000000
000000000000000000000000000000000000000000000000000100000000000000000000000000000000000000000000
000000000000000000000000000000000000000000000000000100000000000000000000000000000000000000000000
000000000000000000000000000000000000000000000000000000000000000000000000000000000000000000000000
000000000000000000000000000000000000100000000000000100000000000000000000000000000000000000000000
000000000000000000000000000000000000000000000000000000000000000000000000000000000000000000000000
000000000000000000001000000000000000100000000000000100000000000000000000000000000000000000000000
000000000000000000000000000000000000000000000000000000000000000000000000000000000000000000000000
000000000000000000000000000000000000000000000000000000000000000000000000000000000000000000000000
000000000000000000000000000000000000000000000000000000000000000000000000000000000000000000000000
000000000000000000000000000000000000000000000000000000000000000000000000000000000000000000000000
000000000000000000000000000000000000000000000000000000000000000000000000000000000000000000000000
000000000000000000000000000000000000000000000000000000000000000000000000000000000000000000000000
000000000000000000000000000000000000000000000000000000000000000000000000000000000000000000000000
000000000000000000000000000000000000000000000000000000000000000000000000000000000000000000000000
000000000000000000000000000000000000000000000000000000000000000000000000000000000000000000000000
000000000000000000000000000000000000000000000000000000000000000000000000000000000000000000000000
000000000000000000000000000000000000000000000000000100000000000000000000000000000000000000000000
000000000000000000000000000000000000000000000000000100000000000000000000000000000000000000000000
000000000000000000000000000000000000100000000000000100000000000000000000000000000000000000000000
000000000000000000000000000000000000100000000000000100000000000000000000000000000000000000000000
000000000000000000001000000000000000100000000000000100000000000000000000000000000000000000000000
000000000000000000001000000000000000100000000000000100000000000000000000000000000000000000000000
000000000100000000001000000000000000100000000000000000000000000000000000000000000000000000000000
000000000100000000001000000000000000100000000000000000000000000000000000000000000000000000000000
000000000110000000001000000000000000000000000000000000000000000000000000000000000000000000000000
000000000110000000001000000000000000000000000000000000000000000000000000000000000000000000000000
000000000111000000000000000000000000000000000000000000000000000000000000000000000000000000000000
000000000111000000000000000000000000000000000000000000000000000000000000000000000000000000000000
000000000011000000000000010000000000000000000000000000000000000000000000000000000000000000000000
000000000011000000000000010000000000000000000000000000000000000000000000000000000000000000000000
000000000011000000000000010000000000000000000000000000000000000000000000000000000000000000000000
000000000001000000000000010000000000000000100000000000000000000000000000000000000000000000000000
000000000001000000000000010000000000000000100000000000000000000000000000000000000000000000000000
000000000000000000000000000000000000000000100000000000000010000000000000000010000000000000000000
000000000000000000000000000000000000000000100000000000000010000000000000000010000000000000000000
000000000000000000000000000000000000000000000000000000000010000000000000000010000000000010000000
000000000000000000000000000000000000000000000000000000000010000000000000000010000000000010000000
000000000000000000000000000000000000000000000000000000000000000000000000000010000000000011000000
000000000000000000000000000000000000000000000000000000000000000000000000000010000000000011000000
000000000000000000000000000000000000000000000000000000000000000000000000000000000000000011100000
000000000000000000000000000000000000000000000000000000000000000000000000000000000000000011100000
000000000000000000000000000000000000000000000000000000000000000000000000000000000010000001100000
000000000000000000000000000000000000000000000000000000000000000000000000000000000010000001100000
000000000000000000000000000000000000000000000000000000000000000000001000000000000010000000100000
000000000000000000000000000000000000000000000000000000000000000000001000000000000010000000100000
000000000000000000000000000000000000000000000000000100000000000000001000000000000010000000000000
000000000000000000000000000000000000000000000000000100000000000000001000000000000010000000000000
000000000000000000000000000000000000100000000000000100000000000000001000000000000000000000000000
000000000000000000000000000000000000100000000000000100000000000000001000000000000000000000000000
000000000000000000001000000000000000100000000000000100000000000000000000000000000000000000000000
000000000000000000001000000000000000100000000000000100000000000000000000000000000000000000000000
000000000100000000001000000000000000100000000000000000000000000000000000000000000000000000000000
000000000100000000001000000000000000100000000000000000000000000000000000000000000000000000000000
000000000110000000001000000000000000000000000000000000000000000000000000000000000000000000000000
000000000110000000001000000000000000000000000000000000000000000000000000000000000000000000000000
000000000111000000000000000000000000000000000000000000000000000000000000000000000000000000000000
000000000111000000000000000000000000000000000000000000000000000000000000000000000000000000000000
000000000011000000000000010000000000000000000000000000000000000000000000000000000000000000000000
000000000011000000000000010000000000000000000000000000000000000000000000000000000000000000000000
000000000001000000000000010000000000000000100000000000000000000000000000000000000000000000000000
000000000001000000000000010000000000000000100000000000000000000000000000000000000000000000000000
000000000000000000000000010000000000000000100000000000000010000000000000000000000000000000000000
000000000000000000000000010000000000000000100000000000000010000000000000000000000000000000000000
000000000000000000000000000000000000000000100000000000000010000000000000000010000000000000000000
000000000000000000000000000000000000000000100000000000000010000000000000000010000000000000000000
000000000000000000000000000000000000000000000000000000000010000000000000000010000000000010000000
000000000000000000000000000000000000000000000000000000000000000000000000000010000000000011000000
000000000000000000000000000000000000000000000000000000000000000000000000000010000000000011000000
000000000000000000000000000000000000000000000000000000000000000000000000000000000000000011100000
000000000000000000000000000000000000000000000000000000000000000000000000000000000000000011100000
000000000000000000000000000000000000000000000000000000000000000000000000000000000010000001100000
000000000000000000000000000000000000000000000000000000000000000000000000000000000010000001100000
000000000000000000000000000000000000000000000000000000000000000000001000000000000010000000100000
000000000000000000000000000000000000000000000000000000000000000000001000000000000010000000100000
000000000000000000000000000000000000000000000000000100000000000000001000000000000010000000000000
000000000000000000000000000000000000000000000000000100000000000000001000000000000010000000000000
000000000000000000000000000000000000100000000000000100000000000000001000000000000000000000000000
000000000000000000000000000000000000100000000000000100000000000000001000000000000000000000000000
000000000000000000001000000000000000100000000000000100000000000000000000000000000000000000000000
000000000000000000001000000000000000100000000000000100000000000000000000000000000000000000000000
000000000100000000001000000000000000100000000000000000000000000000000000000000000000000000000000
000000000100000000001000000000000000100000000000000000000000000000000000000000000000000000000000
000000000110000000001000000000000000000000000000000000000000000000000000000000000000000000000000
000000000110000000001000000000000000000000000000000000000000000000000000000000000000000000000000
000000000111000000000000000000000000000000000000000000000000000000000000000000000000000000000000
000000000111000000000000000000000000000000000000000000000000000000000000000000000000000000000000
000000000011000000000000010000000000000000000000000000000000000000000000000000000000000000000000
000000000011000000000000010000000000000000000000000000000000000000000000000000000000000000000000
000000000001000000000000010000000000000000100000000000000000000000000000000000000000000000000000
000000000001000000000000010000000000000000100000000000000000000000000000000000000000000000000000
000000000001000000000000010000000000000000100000000000000000000000000000000000000000000000000000
000000000000000000000000010000000000000000100000000000000010000000000000000000000000000000000000
000000000000000000000000010000000000000000100000000000000010000000000000000000000000000000000000
000000000000000000000000000000000000000000100000000000000010000000000000000010000000000000000000
000000000000000000000000000000000000000000100000000000000010000000000000000001000000000000000000
000000000000000000000000000000000000000000000000000000000010000000000000000010000000000000000000
000000000000000000000000000000000000000000000000000000000000000000000000000000000000000000000000
000000000000000000000000000000000000000000000000000000000000000000000000000010000000000000000000
000000000000000000000000000000000000000000000000000000000000000000000000000000000000000000000000
000000000000000000000000000000000000000000000000000000000000000000000000000000000000000000000000
000000000000000000000000000000000000000000000000000000000000000000000000000000000000000000000000
000000000000000000000000000000000000000000000000000000000000000000000000000000000000000000000000
000000000000000000000000000000000000000000000000000000000000000000000000000000000000000000000000
000000000000000000000000000000000000000000000000000000000000000000000000000000000000000000000000
000000000000000000000000000000000000000000000000000000000000000000000000000000000000000000000000
000000000000000000000000000000000000000000000000000000000000000000000000000000000000000000000000
000000000000000000000000000000000000000000000000000000000000000000000000000000000000000000000000
000000000000000000000000000000000000000000000000000000000000000000000000000000000000000000000000
000000000000000000000000000000000000000000000000000000000000000000000000000000000000000000000000
000000000000000000000000000000000000000000000000000000000000000000000000000000000000000000000000
000000000000000000000000000000000000000000000000000000000000000000000000000000000000000000000000
000000000000000000000000000000000000000000000000000000000000000000000000000000000000000000000000
000000000000000000000000000000000000000000000000000000000000000000000000000000000000000000000000
000000000000000000000000000000000000000000000000000000000000000000000000000000000000000000000000
000000000000000000000000000000000000000000000000000000000000000000000000000000000000000000000000
000000000000000000000000000000000000000000000000000000000000000000000000000000000000000000000000
000000000000000000000000000000000000000000000000000000000000000000000000000000000000000000000000
000000000000000000000000000000000000000000000000000000000000000000000000000000000000000000000000
000000000000000000000000000000000000000000000000000000000000000000000000000000000000000000000000
000000000000000000000000000000000000000000000000000000000000000000000000000000000000000000000000
000000000000000000000000000000000000000000000000000000000000000000000000000000000000000000000000
