101010000100010000000100000100000000010000010000000010000010000000000100000100000010000100100100
100000000100010000000000000000000000010000010000000000000000000000000100000100000000000000100100
101010000100010000000100000100000000010000010000000010000010000000000100000100000010000101100100
101010000100010000000100000100000000010000010000000010000010000000000100000100000010000100000100
101010000100010000000100000100000000010000010000000010000010000000000000000100000000000100000100
101010000100010000000100000100000000000000010000000000000010000000000000000100000000000100000100
101010000000010000000000000100000000000000010000000000000010000000000000000100000000000100000100
000010000000010000000000000100000000000000010000000000000010000000000000000100000000000100000100
000000000000000000000000000100000000000000010000000000000010000000000000000100000000000100000100
000000000000000000000000000000000000000000000000000000000010000000000000000100000000000100000100
000000000000000000000000000000000000000000000000000000000000000000000000000000000000000100000100
000000000000000000000000000000000000000000000000000000000000000000000000000000000000000000000000
111111000000000000000000000000000000000000000000000000000000000000000000000000000000000000000000
111111111111111100000000000000000000000000000000000000000000000000000000000000000000000000000000
000000111111111100000000000000000000000000000000000000000000000000000000000000000000000000000000
000000111111111111111111111111100000000000000000000000000000000000000000000000000000000000000000
000000000000000011111111111111100000000000000000000000000000000000000000000000000000000000000000
000000000000000011111111111111101111111111111110000000000000000000000000000000000000000000000000
000000000000000000000000000000001111111111111111111111111111110000000000000000000000000000000000
000000000000000000000000000000000000000000000001111111111111110011111110111111100000000000000000
000000000000000000000000000000000000000000000000000000000000000011111111111111100000000000000000
000000000000000000000000000000000000000000000000000000000000000011111111111111111111111110000000
000000000000000000000000000000000000000000000000000000000000000000000000000000011111111110000000
000000000000000000000000000000000000000000000000000000000000000000000000000000011111111111111100
000000000000000000000000000000000000000000000000000000000000000000000000000000000000000001111100
000000000000000000000000000000000000000000000000000000000000000000000000000000000000000001111100
