000000000000000000000000000000000000000000000000000000000000000000000000000000000000000000000000
101001000100000100000100000000101000010000000000100010000000000000111100000000000000000000000000
000110000010001000000010000001000000001000000011000001000000000001000010000000000111000000000000
110100010001000000100000100000000001000010000000000100010000000000000111100000000000000000000000
000011100000100001000000010000000010000001000000001000001000000000001000010000000001110000000000
101010000100010000000100000100000000001000010000000000100010000000000000111100000000000000000000
010001001000001000001000000010000000010000001000000001000001000000000001000010000000011100000000
100101000001000100000000100000100000000001000010000000000100010000000000000111100000000000000000
011000100010000010000001000000001000000010000001000000001000000010000000001000010000000110000000
110010010000010000100000000100000010000000001000010000000000100011100000000000100000000000000000
001100001000100000010000001000000001000000010000001000000001000000010000000001011100000000000000
000000000000000000000000000000000000000000000000000000000000000000000000000000000000000000000000
000000000000000000000000000000000100010000100000000000000000000000000000000000000000000000000000
000000000000000000000000001000000100010000000000000000000000000000000000000000000000000000000000
000000000000010001000000000000000000010000000000000000000000000000000000000000000000000000000000
000000000000001001000000000000000000001000000000000000000000000000000000000000000000000000000000
000000010000000100000000000000000000001000000000000000000000000000000000000000000000000000000000
000000010000000010000000000000000000001000000000000000000000000000000000000000000000000000000000
000000001000000000000000000000000100000100000000000000000000000000000000000000000000000000000000
000000001000000000000000000000000000000100000000010000000000000000000000000000000000000000000000
000000000001000000000001010000000000000011000000000000000000000000000000000000000000000000000000
000000000010100000000000000000000000000100100000000000001000000000000000000000000000000000000000
000010000100000000000000000000000000000000010000000000100000000000000000001000000000000000000000
000001000000000000001000000000000000000000001000000000000000000000000001000000000000000100000000
000000100000000000000000000000000000100000000100000000000000000000000000000000000000100010000000
000000000000000001000000000000000000000000000010000100000000000000000000000000010000000000010000
000000000000000000000000000000001010000000000000000000000000000010001000000000000000000000100000
000000000000000000000000000000000000000000000000110000000000000001010000000000000100000000000000
000000000000000000000000000100000000000000000000000000000000000000100000000000000000000000000000
000000000000010000000000001010000000000000011000110000000000000001010000000000000100000000000000
000000000000101000000000000000001010000000100100000000000001000010001000000000000000000000100000
000001000001000001000000000000000000000000000010000100000100000000000000000001010000000000010000
010000100000000000000001000000001000100000000100000000000000000000000000001000010000100010000000
000001001000000000001000000000000100000100001000000000000000000000000001000000001000001100000000
000010000100000000001000000000000010000000010000000000100000000000000000001000000100000000001000
000000000010100000000000000000000001010100100000000000001000000000010001000000000000000000010000
000000000001000000000001010000000000000011000000000110000000000000001010000000000001000000000000
000000000000000000000000100000000000000000000000000000000000000000000100000000000000000000000000
000000000001000000000001010000000000000011000000000110000000000000001010000000000001000000000000
000100000000000000000010001000000001010000000000000000010100000000010001000000000000000000010000
001000000000010000001000000000000010001000000000000000100010000000000000010000000100000000001000
000000001000001000000000000000000100000100000000000001000001000000000000000000001000001000000000
010000000000000100010001000000001000000000000000000000000000100000000010001000010000000000000100
000001000001000010000000000000000001000000000010000000000100010000000000000001000001000001000000
000000000000101000000000000000000100000000100101001000000001000000000000000000001010000000000000
000000000000011000000000001000000000000000011000110000000000000001010000000000000100000000000000
000000000000000000000000000100000000000000000000000000000000000000100000000000000000000000000000
000000000000011110000000000000000000000000000000000000000000000000000000000000000000000000000000
000000000000011100000000001000000000000000000000000000000000000000000000000000000000000000000000
000000000000011000000000001000000000000000100000000000000000000000000000000000000000000000000000
000000000000010000000000001000000000000000100000000000000100000000000000000000000000000000000000
000000000000000000000000001000000000000000100000000000000100000000000000001000000000000000000000
000000000000000000000000000000000000000000100000000000000100000000000000001000000000001000000000
101001000100000100000100000000101000010000000000100010000000000000111100000000000000000000000000
000110000010001000000010000001000000001000000011000001000000000001000010000000000111000000000000
110100010001000000100000100000000001000010000000000100010000000000000111100000000000000000000000
000011100000100001000000010000000010000001000000001000001000000000001000010000000001110000000000
101010000100010000000100000100000000001000010000000000100010000000000000111100000000000000000000
010001001000001000001000000010000000010000001000000001000001000000000001000010000000011100000000
100101000001000100000000100000100000000001000010000000000100010000000000000111100000000000000000
011000100010000010000001000000001000000010000001000000001000000010000000001000010000000110000000
110010010000010000100000000100000010000000001000010000000000100011100000000000100000000000000000
001100001000100000010000001000000001000000010000001000000001000000010000000001011100000000000000
000000000000000000000000000000000000000000000000000000000100000000000000001000000000001000001000
000000000000000000000000000000000000000000000000000000000000000000000000001000000000001000011000
000000000000000000000000000000000000000000000000000000000000000000000000000000000010001000011000
000000000000000000000000000000000000000000000000000000000000000000010000000000000010000000011000
000000000000000000000000000000000000000000000000010000000000000000010000000000000010000000010000
000000000000000000000000000000000100000000000000010000000000000000010000000000000010000000000000
000000000000000010000000000000000100000000000000010000000000000000010000000000000000000000000000
000000000000000110000000000000000100000000000000010000000000000000000000000000000000000000000000
000000000000000000000000000000000000000000011110000000000000000000000000000000000000000000000000
000000000000000000000000000000000000000000111100000000000000000000000000000000000000000000000000
000000000000000000000000000000000000000001111000000000000000000000000000000000000000000000000000
000000000000000000000000000000000000000011110000000000000000000000000000000000000000000000000000
000000000000000000000000000000000000000111100000000000000000000000000000000000000000000000000000
000000000000000000000000000000000000001111000000000000000000000000000000000000000000000000000000
000000000000000000000000000000000000011110000000000000000000000000000000000000000000000000000000
000000000000000000000000000000000000111100000000000000000000000000000000000000000000000000000000
000000000000000000000000000000000001111000000000000000000000000000000000000000000000000000000000
000000000000000000000000000000000011110000000000000000000000000000000000000000000000000000000000
000000000000000000000000000000000111100000000000000000000000000000000000000000000000000000000000
000000000000000000000000000000001111000000000000000000000000000000000000000000000000000000000000
000000000000000000000000000000001110000000000010000000000000000000000000000000000000000000000000
000000000000000000000000000000001100000000000110000000000000000000000000000000000000000000000000
000000000000011110000000000000001000000000001110000000000000000000000000000000000000000000000000
000000000000011100000000001000000000000000000000000000000000000000000000000000000000000000000000
000000000000011000000000001000000000000000100000000000000000000000000000000000000000000000000000
000000000000000000000000000000000000000000000000000000000000000000000000000000000000000000000000
101001000100000100000100000000101000010000000000100010000000000000111100000000000000000000000000
000110000010001000000010000001000000001000000011000001000000000001000010000000000111000000000000
110100010001000000100000100000000001000010000000000100010000000000000111100000000000000000000000
000011100000100001000000010000000010000001000000001000001000000000001000010000000001110000000000
101010000100010000000100000100000000001000010000000000100010000000000000111100000000000000000000
010001001000001000001000000010000000010000001000000001000001000000000001000010000000011100000000
100101000001000100000000100000100000000001000010000000000100010000000000000111100000000000000000
011000100010000010000001000000001000000010000001000000001000000010000000001000010000000110000000
110010010000010000100000000100000010000000001000010000000000100011100000000000100000000000000000
001100001000100000010000001000000001000000010000001000000001000000010000000001011100000000000000
100000000000000000100100100100100000000000000000000000000000000000100100100100100000000000000000
100000000000000000000000000000001111111111111111111111111111110000000000000000000000000000000000
100000000000000000100100100100100000000000000000000000000000000000100100100100100000000000000000
100000000000000000000000000000001111111111111111111111111111110000000000000000000000000000000000
111111000000000000000000000000000000000000000000000000000000000000000000000000000000000001111100
100000000000000000100100100100100000000000000000000000000000000000100100100100100000000000000000
111111000000000000000000000000000000000000000000000000000000000000100000000000000000000001111100
100000000000000000100100100100100000000000000000000000000000000000100100100100100000000000000000
111111000000000000000000000000000000000000000000000000000000000000000000000000000000000001111100
100000000000000000100100100100100000000000000000000000000000000000100100100100100000000000000000
000000000000000000000000000000001111111111111111111111111111110000000000000000000000000000000000
111111000000000000000000000000001111111111111111111111111111110000000000000000000000000001111100
111111000000000000000000000000000000000000000000000000000000000000000000000000000000000001111100
111111010101010111111111111111101011011011011010110110110110110011111111111111110101010101111100
111111000000000000000000000000001111111111111111111111111111110000000000000000000000000001111100
000000000000000000000000000000000100010000100000000000000000000000000000000000000000000000000000
000000000000000000000000001000000100010000000000000000000000000000000000000000000000000000000000
000000000000010001000000000000000000010000000000000000000000000000000000000000000000000000000000
000000000000001001000000000000000000001000000000000000000000000000000000000000000000000000000000
000000010000000100000000000000000000001000000000000000000000000000000000000000000000000000000000
000000010000000010000000000000000000001000000000000000000000000000000000000000000000000000000000
000000001000000000000000000000000100000100000000000000000000000000000000000000000000000000000000
000000001000000000000000000000000000000100000000010000000000000000000000000000000000000000000000
000000000000000000000000000000000000000000000000000000000000000000000000000000000000000000000000
000000000000000000000000000000000100010000100000000000000000000000000000000000000000000000000000
000000000000000000000000001000000100010000000000000000000000000000000000000000000000000000000000
000000000000010001000000000000000000010000000000000000000000000000000000000000000000000000000000
000000000000001001000000000000000000001000000000000000000000000000000000000000000000000000000000
000000010000000100000000000000000000001000000000000000000000000000000000000000000000000000000000
000000010000000010000000000000000000001000000000000000000000000000000000000000000000000000000000
000000001000000000000000000000000100000100000000000000000000000000000000000000000000000000000000
000000001000000000000000000000000000000100000000010000000000000000000000000000000000000000000000
111111111111111111111111111111101111111111111111111111111111110011111111111111111111111111111100
000000000000000000000000000000001111111111111111111111111111110000000000000000000000000000000000
111111111111111111111111111111101111111111111111111111111111110011111111111111111111111111111100
000000000000000000000000000000001111111111111111111111111111110000000000000000000000000000000000
111111111111111111111111111111101111111111111111111111111111110011111111111111111111111111111100
000000000000000000000000000000001111111111111111111111111111110000000000000000000000000000000000
111111111111111111111111111111101111111111111111111111111111110011111111111111111111111111111100
000000000000000000000000000000001111111111111111111111111111110000000000000000000000000000000000
111111111111111111111111111111101111111111111111111111111111110011111111111111111111111111111100
000000000000000000000000000000001111111111111111111111111111110000000000000000000000000000000000
111111111111111111111111111111101111111111111111111111111111110011111111111111111111111111111100
000000000000000000000000000000001111111111111111111111111111110000000000000000000000000000000000
111111111111111111111111111111101111111111111111111111111111110011111111111111111111111111111100
000000000000000000000000000000000000000000000000000000000000000000000000000000011111111111111100
111111111111111111111111111111101111111111111111111111111111110011111111111111111111111111111100
000000000000000000000000000000000000000000000000000000000000000000000000000000011111111111111100
111111111111111111111111111111101111111111111111111111111111110011111111111111111111111111111100
111111111111111100000000000000000000000000000000000000000000000000000000000000000000000000000000
111111111111111111111111111111101111111111111111111111111111110011111111111111111111111111111100
111111111111111100000000000000000000000000000000000000000000000000000000000000000000000000000000
111111111111111111111111111111101111111111111111111111111111110011111111111111111111111111111100
000000000000000000000000000000000000000000000000000000000000000000000000000000011111111111111100
111111111111111111111111111111101111111111111111111111111111110011111111111111111111111111111100
111111111111111100000000000000000000000000000000000000000000000000000000000000000000000000000000
111111111111111111111111111111101111111111111111111111111111110011111111111111111111111111111100
000000111111111111111111111111101111111111111110001000000000000000000000000000000000000000000000
000000000000000011111111111111101111111111111110000000000000000000000000000000000000000000000000
111111111111111111111111111111101111111111111111111111111111110011111111111111111111111111111100
000000000000000000000000000000001111111111111111111111111111110000000000000000000000000000000000
111111111111111111111111111111101111111111111111111111111111110011111111111111111111111111111100
000000000000000000000000000000001111111111111111111111111111110011111111111111111111111110000000
111111111111111111111111111111101111111111111111111111111111110011111111111111111111111111111100
000000000000000000000000000000001111111111111111111111111111110011111111111111111111111110000000
000000000000000000000000000000001111111111111111111111111111110011111111111111100000000000000000
111111111111111111111111111111101111111111111111111111111111110011111111111111111111111111111100
111111111111111111111111111111101111111111111111111111111111110011111111111111111111111111111100
111111111111111111111111111111101111111111111111111111111111110011111111111111111111111111111100
000000000000000000000000000000000100100100100101001001001001000000000000000000000000000000000000
111111111111111111111111111111101111111111111111111111111111110011111111111111111111111111111100
000000000000000000000000000000001001001001001000010010010010010000000000000000000000000000000000
111111111111111111111111111111101111111111111111111111111111110011111111111111111111111111111100
000000000000000000000000000000000000000000011110000000000001110000000000000000000000000000000000
111111111111111111111111111111101111111111111111111111111111110011111111111111111111111111111100
000000000000000000000000000000000000000001111000000000000111000000000000000000000000000000000000
111111111111111111111111111111101111111111111111111111111111110011111111111111111111111111111100
000000000000000000000000000000000000000111100000000000011100000000000000000000000000000000000000
111111111111111111111111111111101111111111111111111111111111110011111111111111111111111111111100
000000000000000000000000000000000000011110000000000001110000000000000000000000000000000000000000
111111111111111111111111111111101111111111111111111111111111110011111111111111111111111111111100
000000000000000000000000000000000001111000000000000111000000000000000000000000000000000000000000
111111111111111111111111111111101111111111111111111111111111110011111111111111111111111111111100
000000000000000000000000000000000111100000000000011100000000000000000000000000000000000000000000
111111111111111111111111111111101111111111111111111111111111110011111111111111111111111111111100
000000000000000000000000000000001110000000000011110000000000000000000000000000000000000000000000
111111111111111111111111111111101111111111111111111111111111110011111111111111111111111111111100
111111111111111111111111111111101111111111111111111111111111110011111111111111111111111111111100
111111111111111111111111111111101111111111111111111111111111110011111111111111111111111111111100
000000000000000000000000000000001000000000001111000000000000110000000000000000000000000000000000
111111111111111111111111111111101111111111111111111111111111110011111111111111111111111111111100
000000000000000000000000000000001000000000001111000000000000110000000000000000000000000000000000
111111111111111111111111111111101111111111111111111111111111110011111111111111111111111111111100
000000000000000000000000000000001000000000001111000000000000110000000000000000000000000000000000
111111111111111111111111111111101111111111111111111111111111110011111111111111111111111111111100
000000000000000000000000000000001000000000001111000000000000110000000000000000000000000000000000
111111111111111111111111111111101111111111111111111111111111110011111111111111111111111111111100
000000000000000000000000000000001000000000001111000000000000110000000000000000000000000000000000
111111111111111111111111111111101111111111111111111111111111110011111111111111111111111111111100
000000000000000000000000000000001000000000001111000000000000110000000000000000000000000000000000
111111111111111111111111111111101111111111111111111111111111110011111111111111111111111111111100
000000000000000000000000000000001000000000001111000000000000110000000000000000000000000000000000
000000110000000111000000000111101111000000011111111000000001110011101000000001111000000011100100
000000110000000111000000000111101111000000011111111000000001110011101000000001111000000011100100
111111111111111111111111111111101111111111111111111111111111110011111111111111111111111111111100
000000110000000111000000000111101111000000011111111000000001110011101000000001111000000011100100
111111111111111111111111111111101111111111111111111111111111110011111111111111111111111111111100
000000110000000111000000000111101111000000011111111000000001110011101000000001111000000011100100
111111111111111111111111111111101111111111111111111111111111110011111111111111111111111111111100
000000110000000111000000000111101111000000011111111000000001110011101000000001111000000011100100
111111111111111111111111111111101111111111111111111111111111110011111111111111111111111111111100
000000110000000111000000000111101111000000011111111000000001110011101000000001111000000011100100
111111111111111111111111111111101111111111111111111111111111110011111111111111111111111111111100
111100001111100000111111111000001001111110001111000101110000110000000000100000000000000000000000
111111111111111111111111111111101111111111111111111111111111110011111111111111111111111111111100
111100001111100000111111111000001001111110001111000101110000110000000000100000000000000000000000
111111111111111111111111111111101111111111111111111111111111110011111111111111111111111111111100
111100001111100000111111111000001001111110001111000101110000110000000000100000000000000000000000
111111111111111111111111111111101111111111111111111111111111110011111111111111111111111111111100
111100001111100000111111111000001001111110001111000101110000110000000000100000000000000000000000
111111111111111111111111111111101111111111111111111111111111110011111111111111111111111111111100
011000100010000010000001000000001000000010000001000000001000000010000000000000010000000110000000
010001001000001000001000000010000000010000001000000001000001000000000001000010000000011100000000
111111111111111111111111111111101111111111111111111111111111110011111111111111111111111111111100
100000000000000000100100100100100000000000000000000000000000000000100100100100100000000000000000
100000000000000000000000000000001111111111111111111111111111110000000000000000000000000000000000
100000000000000000100100100100100000000000000000000000000000000000100100100100100000000000000000
100000000000000000000000000000001111111111111111111111111111110000000000000000000000000000000000
111111000000000000000000000000000000000000000000000000000000000000000000000000000000000001111100
100000000000000000100100100100100000000000000000000000000000000000100100100100100000000000000000
111111000000000000000000000000000000000000000000000000000000000000100000000000000000000001111100
100000000000000000100100100100100000000000000000000000000000000000100100100100100000000000000000
111111000000000000000000000000000000000000000000000000000000000000000000000000000000000001111100
100000000000000000100100100100100000000000000000000000000000000000100100100100100000000000000000
000000000000000000000000000000001111111111111111111111111111110000000000000000000000000000000000
111111000000000000000000000000001111111111111111111111111111110000000000000000000000000001111100
111111000000000000000000000000000000000000000000000000000000000000000000000000000000000001111100
111111010101010111111111111111101011011011011010110110110110110011111111111111110101010101111100
111111000000000000000000000000001111111111111111111111111111110000000000000000000000000001111100
000000000000000000000000000000000000000000000000000000000000000000000000000000000000000000000000
000000000000000000000000000000000000000000000000000000000000000000000000000000000000000000000000
101001000100000100000100000000101000010000000000100010000000000000111100000000000000000000000000
000110000010001000000010000001000000001000000011000001000000000001000010000000000111000000000000
110100010001000000100000100000000001000010000000000100010000000000000111100000000000000000000000
000011100000100001000000010000000010000001000000001000001000000000001000010000000001110000000000
101010000100010000000100000100000000001000010000000000100010000000000000111100000000000000000000
010001001000001000001000000010000000010000001000000001000001000000000001000010000000011100000000
100101000001000100000000100000100000000001000010000000000100010000000000000111100000000000000000
011000100010000010000001000000001000000010000001000000001000000010000000001000010000000110000000
110010010000010000100000000100000010000000001000010000000000100011100000000000100000000000000000
001100001000100000010000001000000001000000010000001000000001000000010000000001011100000000000000
000000000000000000000000000000100000000000000000000000000000000000000000000000000000000000000000
000000000000000110000000000001001000000000000010000000000000000000000000000000000000000000000000
000000100000001000000000000000000100000000000101000000000000000000000000000000000000000000000000
100000000000000000100000000100000000000000000000000000000000000000100000000000100000000000000000
000000001000100000000000000000000000000000000000001000000001000000000000000000001000000000000000
000000000010000000000000000000000000100000100000000000000000000000000000000000000010000010000000
000000000100000000000010010000000000000001000000000110000000000000000000000010000000000100110000
000000000001000000001000000000000000001010000000000000000010000000001010001000000000000001001000
000000000010000000000000000000000000100000100000000000110000000000000001010000000010010010000000
000000000100000000000000010000000000000000000000000100000000000000000000100010000000000000100000
000000000001000000001000000000000000000000000000000000000010000000001000000000000000000001000000
000000000010000000000000000000000000100000100000000000000000000000000000000000000010000010000000
000000000000000000000010000000000000000001000000000010000000000000000000000000000000000100010000
000000000000000000000000000000000000001010000000000000000000000000000010001000000000000000001000
000000000000000000000000000000000000000000000000000000110000000000000001010000000000010000000000
000000000000000000000000000000000000000000000000000000000000000000000000100000000000000000000000
000000000000000000000000000000000000000000000000000000110000000000000001010000000000010000000000
000000000000000000000000000000000000001010000000000000000000000000000010001000000000000000001000
000000000000000000000010000000000000000001000000000010000000000000000000000000000000000100010000
000000000010000000000000000000000000100000100000000000000000000000000000000000000010000010000000
000100000000000000010000000000000000000000010000000000000000000000010000000000010000000000000000
000010010000000000000000000000000000000000001000010000000000000010000000000000000000000000000000
000000100000001000000000000000000100000000000101000000000000000000000000000000000000000000000000
000000000000000110000000000001001000000000000010000000000000000000000000000000000000000000000000
011111000000000000000000000000000000000000000000000000000000000000000000000000000000000001111100
000000101010101000000000000000000000000000000000000000000000000000000000000000001010101010000000
000000000000000010010010010010000000000000000000000000000000000001001001001001000000000000000000
000000000000000000000000000000001001001001001000100100100100100000000000000000000000000000000000
000000000000000000000000000000000100100100100101001001001001000000000000000000000000000000000000
000000000000000001001001001001000000000000000000000000000000000010010010010010000000000000000000
000000010101010100000000000000000000000000000000000000000000000000000000000000010101010100000000
000000101010101000000000000000000000000000000000000000000000000000000000000000001010101010000000
011111000000000000000000000000000000000000000000000000000000000000000000000000000000000001111100
101001000100000100000100000000101000010000000000100010000000000000111100000000000000000000000000
000110000010001000000010000001000000001000000011000001000000000001000010000000000111000000000000
110100010001000000100000100000000001000010000000000100010000000000000111100000000000000000000000
000011100000100001000000010000000010000001000000001000001000000000001000010000000001110000000000
101010000100010000000100000100000000001000010000000000100010000000000000111100000000000000000000
010001001000001000001000000010000000010000001000000001000001000000000001000010000000011100000000
100101000001000100000000100000100000000001000010000000000100010000000000000111100000000000000000
011000100010000010000001000000001000000010000001000000001000000010000000001000010000000110000000
110010010000010000100000000100000010000000001000010000000000100011100000000000100000000000000000
001100001000100000010000001000000001000000010000001000000001000000010000000001011100000000000000
000000000001000000000001010000000000000011000000000000000000000000000000000000000000000000000000
000000000010100000000000000000000000000100100000000000001000000000000000000000000000000000000000
000010000100000000000000000000000000000000010000000000100000000000000000001000000000000000000000
000001000000000000001000000000000000000000001000000000000000000000000001000000000000000100000000
000000100000000000000000000000000000100000000100000000000000000000000000000000000000100010000000
000000000000000001000000000000000000000000000010000100000000000000000000000000010000000000010000
000000000000000000000000000000001010000000000000000000000000000010001000000000000000000000100000
000000000000000000000000000000000000000000000000110000000000000001010000000000000100000000000000
000000000000000000000000000000000000000000000000000000000000000000100000000000000000000000000000
000000000000000000000000000000000000000000000000110000000000000001010000000000000100000000000000
000000000000000000000000000000001010000000000000000000000000000010001000000000000000000000100000
000000000000000001000000000000000000000000000010000100000000000000000000000000010000000000010000
000000100000000000000000000000000000100000000100000000000000000000000000000000000000100010000000
000001000000000000001000000000000000000000001000000000000000000000000001000000000000000100000000
000010000100000000000000000000000000000000010000000000100000000000000000001000000000000000000000
000000000010100000000000000000000000000100100000000000001000000000000000000000000000000000000000
000000000001000000000001010000000000000011000000000000000000000000000000000000000000000000000000
000000000000000000000000100000000000000000000000000000000000000000000000000000000000000000000000
000000000001000000000001010000000000000011000000000000000000000000000000000000000000000000000000
000100000000000000000010001000000000000000000000000000010100000000000000000000000000000000000000
001000000000010000000000000000000000001000000000000000000010000000000000010000000000000000000000
000000001000001000000000000000000000000000000000000001000001000000000000000000000000001000000000
000000000000000100010000000000000000000000000000000000000000100000000010000000000000000000000100
000000000000000010000000000000000001000000000000000000000000010000000000000000000001000001000000
000000000000000000000000000000000100000000000001001000000000000000000000000000001010000000000000
000000000000000000000000000000000000000000000000110000000000000001010000000000000100000000000000
000000000000000000000000000000000000000000000000000000000000000000100000000000000000000000000000
000000000000000000000000000000100000000000000000000000000000000000000000000000000000000000000000
000000000000000110000000000001001000000000000010000000000000000000000000000000000000000000000000
000000100000001000000000000000000100000000000101000000000000000000000000000000000000000000000000
100000000000000000100000000100000000000000000000000000000000000000100000000000100000000000000000
000000001000100000000000000000000000000000000000001000000001000000000000000000001000000000000000
000000000010000000000000000000000000100000100000000000000000000000000000000000000010000010000000
000000000100000000000010010000000000000001000000000110000000000000000000000010000000000100110000
000000000001000000001000000000000000001010000000000000000010000000001010001000000000000001001000
000000000010000000000000000000000000100000100000000000110000000000000001010000000010010010000000
000000000100000000000000010000000000000000000000000100000000000000000000100010000000000000100000
000000000001000000001000000000000000000000000000000000000010000000001000000000000000000001000000
000000000010000000000000000000000000100000100000000000000000000000000000000000000010000010000000
000000000000000000000010000000000000000001000000000010000000000000000000000000000000000100010000
000000000000000000000000000000000000001010000000000000000000000000000010001000000000000000001000
000000000000000000000000000000000000000000000000000000110000000000000001010000000000010000000000
000000000000000000000000000000000000000000000000000000000000000000000000100000000000000000000000
000000000000000000000000000000000000000000000000000000110000000000000001010000000000010000000000
000000000000000000000000000000000000001010000000000000000000000000000010001000000000000000001000
000000000000000000000010000000000000000001000000000010000000000000000000000000000000000100010000
000000000010000000000000000000000000100000100000000000000000000000000000000000000010000010000000
000100000000000000010000000000000000000000010000000000000000000000010000000000010000000000000000
000010010000000000000000000000000000000000001000010000000000000010000000000000000000000000000000
000000100000001000000000000000000100000000000101000000000000000000000000000000000000000000000000
000000000000000110000000000001001000000000000010000000000000000000000000000000000000000000000000
000000000000000000000000000100000000000000000000110000000000000001010000000000000100000000000000
000000000000010000000000001010000000000000011000000000000000000000100000000000000000000000000000
000000000000101000000000000000000000000000100100000000000001000000000000000000000000000000000000
000001000001000000000000000000000000000000000010000000000100000000000000000001000000000000000000
010000000000000000000001000000001000000000000000000000000000000000000000001000010000000000000000
000000001000000000000000000000000100000100000000000000000000000000000000000000001000001000000000
000000000000000000001000000000000010000000000000000000100000000000000000000000000100000000001000
000000000000000000000000000000000001010000000000000000000000000000010001000000000000000000010000
000000000001000000000001010000000000000011000000000110000000000000001010000000000001000000000000
000000000010100000000000000000000000000100100000000000001000000000000100000000000000000000000000
000010000100000000000000000000000000000000010000000000100000000000000000001000000000000000000000
000001000000000000001000000000000000000000001000000000000000000000000001000000000000000100000000
000000100000000000000000000000000000100000000100000000000000000000000000000000000000100010000000
000000000000000001000000000000000000000000000010000100000000000000000000000000010000000000010000
000000000000000000000000000000001010000000000000000000000000000010001000000000000000000000100000
000000000000000000000000000000000000000000000000000000000000000000000000000000000000000000000000
000000000000010000000000001000000000000000100000000000000100000000000000000000000000000000000000
000000000000000000000000001000000000000000100000000000000100000000000000001000000000000000000000
000000000000000000000000000000000000000000100000000000000100000000000000001000000000001000000000
000000000000000000000000000000000000000000000000000000000100000000000000001000000000001000001000
000000000000000000000000000000000000000000000000000000000000000000000000001000000000001000011000
000000000000000000000000000000000000000000000000000000000000000000000000000000000010001000011000
000000000000000000000000000000000000000000000000000000000000000000010000000000000010000000011000
000000000000000000000000000000000000000000000000010000000000000000010000000000000010000000010000
000000000000000000000000000000000100000000000000010000000000000000010000000000000010000000000000
000000000000000010000000000000000100000000000000010000000000000000010000000000000000000000000000
000000000000000110000000000000000100000000000000010000000000000000000000000000000000000000000000
000000000000001110000000000000000100000000000000000000000000000000000000000000000000000000000000
000000000000001110000000000000000100000000000000000000000000000000000000000000000000000000000000
000000000000000000100100100100100000000000000000000000000000000000000000000000000000000000000000
000000000000000000100100100100100010010010010010000000000000000000000000000000000000000000000000
000000000000000000100100100100100010010010010010010010010010010000000000000000000000000000000000
000000000000000000000000000000000010010010010010010010010010010000100100100100100000000000000000
000000000000000000000000000000000000000000000000010010010010010000100100100100110101010100000000
000000000000000000000000000000000000000000000000000000000000000000100100100100110101010101111100
000000000000000000000000000000000000000000000000000000000000000000000000000000010101010101111100
000000000000000000000000000000000000000000000000000000000000000000000000000000000000000001111100
000000000000000000000000000000000000000000000000000000000000000000000000000000000000000000000000
000000000000000000000000000000000000000000000000000000000000000000000000000000000000000001111100
000000000000000000000000000000000000000000000000000000000000000000000000000000011111111110000000
000000000000000000000000000000000000000000000000000000000000000010110110110110111111111110000000
000000000000000000000000000000000000000000000000110110110110110010110110110110100000000000000000
000000000000000000000000000000001101101101101100110110110110110000000000000000000000000000000000
000000000000000010110110110110101101101101101100000000000000000000000000000000000000000000000000
000000010101010111111111111111100000000000000000000000000000000000000000000000000000000000000000
011111010101010111111111111111100000000000000000000000000000000000000000000000000000000000000000
111111010101010111111111111111100000000000000000000000000000000000000000000000000000000000000000
111111111111111111111111111111100000000000000000000000000000000000000000000000000000000000000000
111111111111111111111111111111100000000000000000000000000000000000000000000000000000000000000000
111111111111111111111111111111100000000000000000000000000000000000000000000000000000000000000000
111111111111111100000000000000000000000000000000000000000000000000000000000000000000000000000000
111111000000000000000000000000000000000000000000000000000000000000000000000000000000000000000000
100000000000000000000000000000000000000000000000000000000000000000000000000000000000000000000000
100000000000000000000000000000000000000000000000000000000000000000000000000000000000000000000000
100000000000000000000000000000000000000000000000000000000000000000000000000000000000000000000000
111111111111111111111111111111101111111111111111111111111111110011111111111111111111111111111100
111111111111111111111111111111101111111111111111111111111111110011111111111111111111111111111100
100000000000000000000000000000000000000000000000000000000000000000000000000000000000000000000000
100000000000000000000000000000000000000000000000000000000000000000000000000000000000000000000000
111111111111111111111111111111101111111111111111111111111111110011111111111111111111111111111100
111111111111111111111111111111101111111111111111111111111111110011111111111111111111111111111100
011111111111111111111111111111101111111111111111111111111111110011111111111111111111111111111100
011111010101010111111111111111101111111111111111111111111111110011111111111111111111111111111100
011111010101010100100100100100101111111111111111111111111111110011111111111111111111111111111100
011111010101010100100100100100101011011011011011111111111111110011111111111111111111111111111100
011111010101010100100100100100101011011011011010110110110110110011111111111111111111111111111100
011111010101010100100100100100101011011011011010110110110110110000100100100100111111111111111100
011111010101010100100100100100101011011011011010110110110110110000100100100100110101010101111100
011111010101010100100100100100101011011011011010110110110110110000100100100100110101010101111100
000000010101010100100100100100101011011011011010110110110110110000100100100100110101010101111100
000000000000000000100100100100101011011011011010110110110110110000100100100100110101010101111100
000000000000000000000000000000001011011011011010110110110110110000100100100100110101010101111100
000000000000000000000000000000000000000000000000110110110110110000100100100100110101010101111100
000000000000000000000000000000000000000000000000000000000000000000100100100100110101010101111100
000000000000000000000000000000000000000000000000000000000000000000000000000000010101010101111100
000000000000000000000000000000000000000000000000000000000000000000000000000000000000000001111100
000000000000000000000000000000000000000000000000000000000000000000000000000000000000000001111100
011111010101010100100100100100101011011011011010110110110110110000100100100100110101010101111100
011111010101010100100100100100101011011011011010110110110110110000100100100100110101010101111100
011111010101010100100100100100101011011011011010110110110110110000100100100100110101010101111100
011111010101010100100100100100101011011011011010110110110110110000100100100100110101010100000000
011111010101010100100100100100101011011011011010110110110110110000100100100100100000000000000000
011111010101010100100100100100101011011011011010110110110110110000100100100100100000000000000000
011111010101010100100100100100101011011011011010110110110110110000000000000000000000000000000000
011111010101010100100100100100101011011011011010000000000000000000000000000000000000000000000000
011111010101010100100100100100100000000000000000000000000000000000000000000000000000000000000000
011111010101010100000000000000000000000000000000000000000000000000000000000000000000000000000000
011111000000000000000000000000000000000000000000000000000000000000000000000000000000000000000000
000000000000000000000000000000000000000000000000000000000000000000000000000000000000000000000000
000000000000000000000000000000000000000000000000000000000000000000000000000000000000000000000000
100000000000000000000000000000000000000000000000000000000000000000000000000000000000000000000000
100000000000000000000000000000000000000000000000000000000000000000000000000000000000000000000000
100000000000000000000000000000000000000000000000000000000000000000000000000000000000000000000000
101001000100000100000100000000101000010000000000100010000000000000111100000000000000000000000000
000110000010001000000010000001000000001000000011000001000000000001000010000000000111000000000000
110100010001000000100000100000000001000010000000000100010000000000000111100000000000000000000000
000011100000100001000000010000000010000001000000001000001000000000001000010000000001110000000000
101010000100010000000100000100000000001000010000000000100010000000000000111100000000000000000000
010001001000001000001000000010000000010000001000000001000001000000000001000010000000011100000000
100101000001000100000000100000100000000001000010000000000100010000000000000111100000000000000000
011000100010000010000001000000001000000010000001000000001000000010000000001000010000000110000000
110010010000010000100000000100000010000000001000010000000000100011100000000000100000000000000000
001100001000100000010000001000000001000000010000001000000001000000010000000001011100000000000000
000000000000000000100100100100100000000000000000000000000000000000000000000000000000000000000000
000000000000000000100100100100100010010010010010000000000000000000000000000000000000000000000000
000000000000000000100100100100100010010010010010010010010010010000000000000000000000000000000000
000000000000000000000000000000000010010010010010010010010010010000100100100100100000000000000000
000000000000000000000000000000000000000000000000010010010010010000100100100100110101010100000000
000000000000000000000000000000000000000000000000000000000000000000100100100100110101010101111100
000000000000000000000000000000000000000000000000000000000000000000000000000000010101010101111100
000000000000000000000000000000000000000000000000000000000000000000000000000000000000000001111100
000000000000000000000000000000000000000000000000000000000000000000000000000000000000000000000000
000000000000000000000000000000000000000000000000000000000000000000000000000000000000000001111100
000000000000000000000000000000000000000000000000000000000000000000000000000000011111111110000000
000000000000000000000000000000000000000000000000000000000000000010110110110110111111111110000000
000000000000000000000000000000000000000000000000110110110110110010110110110110100000000000000000
000000000000000000000000000000001101101101101100110110110110110000000000000000000000000000000000
000000000000000010110110110110101101101101101100000000000000000000000000000000000000000000000000
000000010101010111111111111111100000000000000000000000000000000000000000000000000000000000000000
011111010101010111111111111111100000000000000000000000000000000000000000000000000000000000000000
111111010101010111111111111111100000000000000000000000000000000000000000000000000000000000000000
111111111111111111111111111111100000000000000000000000000000000000000000000000000000000000000000
111111111111111111111111111111100000000000000000000000000000000000000000000000000000000000000000
111111111111111111111111111111100000000000000000000000000000000000000000000000000000000000000000
111111111111111100000000000000000000000000000000000000000000000000000000000000000000000000000000
111111000000000000000000000000000000000000000000000000000000000000000000000000000000000000000000
100000000000000000000000000000000000000000000000000000000000000000000000000000000000000000000000
100000000000000000000000000000000000000000000000000000000000000000000000000000000000000000000000
100000000000000000000000000000000000000000000000000000000000000000000000000000000000000000000000
111111111111111111111111111111101111111111111111111111111111110011111111111111111111111111111100
111111111111111111111111111111101111111111111111111111111111110011111111111111111111111111111100
100000000000000000000000000000000000000000000000000000000000000000000000000000000000000000000000
100000000000000000000000000000000000000000000000000000000000000000000000000000000000000000000000
111111111111111111111111111111101111111111111111111111111111110011111111111111111111111111111100
111111111111111111111111111111101111111111111111111111111111110011111111111111111111111111111100
011111111111111111111111111111101111111111111111111111111111110011111111111111111111111111111100
011111010101010111111111111111101111111111111111111111111111110011111111111111111111111111111100
011111010101010100100100100100101111111111111111111111111111110011111111111111111111111111111100
011111010101010100100100100100101011011011011011111111111111110011111111111111111111111111111100
011111010101010100100100100100101011011011011010110110110110110011111111111111111111111111111100
011111010101010100100100100100101011011011011010110110110110110000100100100100111111111111111100
011111010101010100100100100100101011011011011010110110110110110000100100100100110101010101111100
011111010101010100100100100100101011011011011010110110110110110000100100100100110101010101111100
000000010101010100100100100100101011011011011010110110110110110000100100100100110101010101111100
000000000000000000100100100100101011011011011010110110110110110000100100100100110101010101111100
000000000000000000000000000000001011011011011010110110110110110000100100100100110101010101111100
000000000000000000000000000000000000000000000000110110110110110000100100100100110101010101111100
000000000000000000000000000000000000000000000000000000000000000000100100100100110101010101111100
000000000000000000000000000000000000000000000000000000000000000000000000000000010101010101111100
000000000000000000000000000000000000000000000000000000000000000000000000000000000000000001111100
000000000000000000000000000000000000000000000000000000000000000000000000000000000000000001111100
011111010101010100100100100100101011011011011010110110110110110000100100100100110101010101111100
011111010101010100100100100100101011011011011010110110110110110000100100100100110101010101111100
011111010101010100100100100100101011011011011010110110110110110000100100100100110101010101111100
011111010101010100100100100100101011011011011010110110110110110000100100100100110101010100000000
011111010101010100100100100100101011011011011010110110110110110000100100100100100000000000000000
011111010101010100100100100100101011011011011010110110110110110000100100100100100000000000000000
011111010101010100100100100100101011011011011010110110110110110000000000000000000000000000000000
011111010101010100100100100100101011011011011010000000000000000000000000000000000000000000000000
011111010101010100100100100100100000000000000000000000000000000000000000000000000000000000000000
011111010101010100000000000000000000000000000000000000000000000000000000000000000000000000000000
011111000000000000000000000000000000000000000000000000000000000000000000000000000000000000000000
000000000000000000000000000000000000000000000000000000000000000000000000000000000000000000000000
000000000000000000000000000000000000000000000000000000000000000000000000000000000000000000000000
100000000000000000000000000000000000000000000000000000000000000000000000000000000000000000000000
100000000000000000000000000000000000000000000000000000000000000000000000000000000000000000000000
100000000000000000000000000000000000000000000000000000000000000000000000000000000000000000000000
101001000100000100000100000000101000010000000000100010000000000000111100000000000000000000000000
000110000010001000000010000001000000001000000011000001000000000001000010000000000111000000000000
110100010001000000100000100000000001000010000000000100010000000000000111100000000000000000000000
000011100000100001000000010000000010000001000000001000001000000000001000010000000001110000000000
101010000100010000000100000100000000001000010000000000100010000000000000111100000000000000000000
010001001000001000001000000010000000010000001000000001000001000000000001000010000000011100000000
100101000001000100000000100000100000000001000010000000000100010000000000000111100000000000000000
011000100010000010000001000000001000000010000001000000001000000010000000001000010000000110000000
110010010000010000100000000100000010000000001000010000000000100011100000000000100000000000000000
001100001000100000010000001000000001000000010000001000000001000000010000000001011100000000000000
000000000000000000100100100100100000000000000000000000000000000000000000000000000000000000000000
000000000000000000100100100100100010010010010010000000000000000000000000000000000000000000000000
000000000000000000100100100100100010010010010010010010010010010000000000000000000000000000000000
000000000000000000000000000000000010010010010010010010010010010000100100100100100000000000000000
000000000000000000000000000000000000000000000000010010010010010000100100100100110101010100000000
000000000000000000000000000000000000000000000000000000000000000000100100100100110101010101111100
000000000000000000000000000000000000000000000000000000000000000000000000000000010101010101111100
000000000000000000000000000000000000000000000000000000000000000000000000000000000000000001111100
000000000000000000000000000000000000000000000000000000000000000000000000000000000000000000000000
000000000000000000000000000000000000000000000000000000000000000000000000000000000000000001111100
000000000000000000000000000000000000000000000000000000000000000000000000000000011111111110000000
000000000000000000000000000000000000000000000000000000000000000010110110110110111111111110000000
000000000000000000000000000000000000000000000000110110110110110010110110110110100000000000000000
000000000000000000000000000000001101101101101100110110110110110000000000000000000000000000000000
000000000000000010110110110110101101101101101100000000000000000000000000000000000000000000000000
000000010101010111111111111111100000000000000000000000000000000000000000000000000000000000000000
011111010101010111111111111111100000000000000000000000000000000000000000000000000000000000000000
111111010101010111111111111111100000000000000000000000000000000000000000000000000000000000000000
111111111111111111111111111111100000000000000000000000000000000000000000000000000000000000000000
111111111111111111111111111111100000000000000000000000000000000000000000000000000000000000000000
111111111111111111111111111111100000000000000000000000000000000000000000000000000000000000000000
111111111111111100000000000000000000000000000000000000000000000000000000000000000000000000000000
111111000000000000000000000000000000000000000000000000000000000000000000000000000000000000000000
100000000000000000000000000000000000000000000000000000000000000000000000000000000000000000000000
100000000000000000000000000000000000000000000000000000000000000000000000000000000000000000000000
100000000000000000000000000000000000000000000000000000000000000000000000000000000000000000000000
111111111111111111111111111111101111111111111111111111111111110011111111111111111111111111111100
111111111111111111111111111111101111111111111111111111111111110011111111111111111111111111111100
100000000000000000000000000000000000000000000000000000000000000000000000000000000000000000000000
100000000000000000000000000000000000000000000000000000000000000000000000000000000000000000000000
111111111111111111111111111111101111111111111111111111111111110011111111111111111111111111111100
111111111111111111111111111111101111111111111111111111111111110011111111111111111111111111111100
011111111111111111111111111111101111111111111111111111111111110011111111111111111111111111111100
011111010101010111111111111111101111111111111111111111111111110011111111111111111111111111111100
011111010101010100100100100100101111111111111111111111111111110011111111111111111111111111111100
011111010101010100100100100100101011011011011011111111111111110011111111111111111111111111111100
011111010101010100100100100100101011011011011010110110110110110011111111111111111111111111111100
011111010101010100100100100100101011011011011010110110110110110000100100100100111111111111111100
011111010101010100100100100100101011011011011010110110110110110000100100100100110101010101111100
011111010101010100100100100100101011011011011010110110110110110000100100100100110101010101111100
000000010101010100100100100100101011011011011010110110110110110000100100100100110101010101111100
000000000000000000100100100100101011011011011010110110110110110000100100100100110101010101111100
000000000000000000000000000000001011011011011010110110110110110000100100100100110101010101111100
000000000000000000000000000000000000000000000000110110110110110000100100100100110101010101111100
000000000000000000000000000000000000000000000000000000000000000000100100100100110101010101111100
000000000000000000000000000000000000000000000000000000000000000000000000000000010101010101111100
000000000000000000000000000000000000000000000000000000000000000000000000000000000000000001111100
000000000000000000000000000000000000000000000000000000000000000000000000000000000000000001111100
011111010101010100100100100100101011011011011010110110110110110000100100100100110101010101111100
011111010101010100100100100100101011011011011010110110110110110000100100100100110101010101111100
011111010101010100100100100100101011011011011010110110110110110000100100100100110101010101111100
011111010101010100100100100100101011011011011010110110110110110000100100100100110101010100000000
011111010101010100100100100100101011011011011010110110110110110000100100100100100000000000000000
011111010101010100100100100100101011011011011010110110110110110000100100100100100000000000000000
011111010101010100100100100100101011011011011010110110110110110000000000000000000000000000000000
011111010101010100100100100100101011011011011010000000000000000000000000000000000000000000000000
011111010101010100100100100100100000000000000000000000000000000000000000000000000000000000000000
011111010101010100000000000000000000000000000000000000000000000000000000000000000000000000000000
011111000000000000000000000000000000000000000000000000000000000000000000000000000000000000000000
000000000000000000000000000000000000000000000000000000000000000000000000000000000000000000000000
000000000000000000000000000000000000000000000000000000000000000000000000000000000000000000000000
100000000000000000000000000000000000000000000000000000000000000000000000000000000000000000000000
100000000000000000000000000000000000000000000000000000000000000000000000000000000000000000000000
100000000000000000000000000000000000000000000000000000000000000000000000000000000000000000000000
000000000000000000000000000000000000000000000000000000000000000000000000000000000000000000000000
101001000100000100000100000000101000010000000000100010000000000000111100000000000000000000000000
000110000010001000000010000001000000001000000011000001000000000001000010000000000111000000000000
110100010001000000100000100000000001000010000000000100010000000000000111100000000000000000000000
000011100000100001000000010000000010000001000000001000001000000000001000010000000001110000000000
101010000100010000000100000100000000001000010000000000100010000000000000111100000000000000000000
010001001000001000001000000010000000010000001000000001000001000000000001000010000000011100000000
100101000001000100000000100000100000000001000010000000000100010000000000000111100000000000000000
011000100010000010000001000000001000000010000001000000001000000010000000001000010000000110000000
110010010000010000100000000100000010000000001000010000000000100011100000000000100000000000000000
001100001000100000010000001000000001000000010000001000000001000000010000000001011100000000000000
