000000000000000000000000000000000000000000010000000000000000000000000000000000000000000000000000
000000000000000000000000001100000000000000111000000000000011000000000000000000000000000000000000
000000000000010000000000011110000000000001111100000000000111100000000000000111000000000000000000
000110000001111000000000111111000000000011101110000000001111110000000000001111110000000110000000
100111000011111100000001110011100000000111000111000000011100110010000000011111111000001111000100
111111100111001110000011100001101000001110000011100000111000010011000000111000111000011111001100
111001111110000111001111000000101100011100000011110001110000000011100001110000001100111001101100
011000111100000011111110000000001110111100000001111011100000000001110011100000001111110000111000
000000011100000001111100000000000111111000000000111011100000000000110111000000000111100000010000
000000000000000000111000000000000011110000000000011111000000000000010110000000000001000000000000
000000000000000000000000000000000001100000000000001110000000000000000100000000000000000000000000
000000000000000000000000000000000000000000000000000100000000000000000000000000000000000000000000
000000000000000000000000000000000000000000000000000100000000000000000000000000000000000000000000
000000000000000000000000000000000000000000000000000100000000000000000000000000000000000000000000
000000000000000000000000000000000001100000000000001110000000000000000100000000000000000000000000
000000000000000000111000000000000011110000000000011111000000000000010110000000000001000000000000
000000011100000001111100000000000111111000000000111011100000000000110111000000000111100000010000
011000111100000011111110000000001110111100000001111011100000000001110011100000001111110000111000
111001111110000111001111000000101100011100000011110001110000000011100001110000001100111001101100
111111100111001110000011100001101000001110000011100000111000010011000000111000111000011111001100
100111000011111100000001110011100000000111000111000000011100110010000000011111111000001111000100
100111000011111100000001110011100000000111000111000000011100110010000000011111111000001111000100
000110000001111000000000111111000000000011101110000000001111110000000000001111110000000110000000
000000000000010000000000011110000000000001111100000000000111100000000000000111000000000000000000
000000000000000000000000001100000000000000111000000000000011000000000000000000000000000000000000
000000000000000000000000000000000000000000010000000000000000000000000000000000000000000000000000
