000000000000000110000000000001001000000000000010000000000000000000000000000000000000000000000000
000001100000001001000000000010000100000000000101100000000000010000000000000000000000000000000000
001100001000100000010000001000000001000000010000001000000001000000010000000001011100000000000000
000110000010001000000010000001000000001000000011000001000000000001000010000000000111000000000000
000011100000100001000000010000000010000001000000001000001000000000001000010000000001110000000000
010001001000001000001000000010000000010000001000000001000001000000000001000010000000011100000000
011000100010000010000001000000001000000010000001000000001000000010000000001000010000000110000000
001100001000100000010000001000000001000000010000001000000001000000010000000001011100000000000000
000110000010001000000010000001000000001000000011000001000000000001000010000000000111000000000000
000011100000100001000000010000000010000001000000001000001000000000001000010000000001110000000000
010001001000001000001000000010000000010000001000000001000001000000000001000010000000011100000000
011000100010000010000001000000001000000010000001000000001000000010000000001000010000000110000000
001100001000100000010000001000000001000000010000001000000001000000010000000001011100000000000000
110010010000010000100000000100000010000000001000010000000000100011100000000000100000000000000000
000001100000001001000000000010000100000000000101100000000000010000000000000000000000000000000000
000000000000000110000000000001001000000000000010000000000000000000000000000000000000000000000000
000000000000000000000000000000100000000000000000000000000000000000000000000000000000000000000000
