000000000000000000000000000000000000011000000000000000000000000000000000000000000001000000000000
000000000000000000000000000000000000100100000000010000000000000000000000000000000000100000000000
000000000000000000000000000000000101000010000000000000000000000000000000000000000000010000000000
000000000000000010000000000000000010000001000000000000000000000000000000010000000000000000000000
000000000000000100000000000000000100000000100000000000001000000000000000000000000000000000000000
000000000000001000000000000000001000000001010000000000000000000000000000000000000000000000000000
000000000000010000000000010000000000000000001010000000000000000000000000000000000000000000000000
000000000000100000000000001000000000000000000100000000000000000000000000000000000000000000000000
000010000000000000000000000000000000000000101010000000000000000000000000000000000000000000000000
000001000000000000000000000000001000000000010000000000000100000000000000000000000000000000000000
000000100000000000000000000000000100000000100000000000000000000000000000001000000000000000000000
000000000000000001000000000000000010000001000000000000000000000000000000000000000000001000000000
000000000000000000000000000000000011000010000000000000000000000000000000000000000000000000001000
000000000000000000000000000000000000100100000000001000000000000000000000000000000000000000010000
000000000000000000000000000000000000011000000000000000000000000000001000000000000010000000000000
000000000000000000000000000000000000100100000000000000000000000000000000000000000000000000000000
000000000000000000000000000000000001000010000000000000000000000000000000000000000000000000000000
000000000000000000000000000000000010000001000000000000000000000000000000000000000000000000000000
000000000000000000000000000000000100000000100000000000000000000000000000000000000000000000000000
000000000000000000000000000000001000001000010000000000000000000000000000000000000000000000000000
000000000000000000000000000000000000000100001010000000000000000000000000000000000000000000000000
000000000000000000000000000000000000000010000100000000000000000000000000000000000000000000000000
000000000000000000000000000000000000000001001010000000000000000000000000000000000000000000000000
000000000000000000000000000000001000000000110000000000000000000000000000000000000000000000000000
000000000000000000000000000000000100000000110000000000000000000000000000000000000000000000000000
000000000000000000000000000000000010000001001000000000000000000000000000000000000000000000000000
000000000000000000000000000000000001000010000100000000000000000000000000000000000000000000000000
000000000000000000000000000000000000100100000010000000000000000000000000000000000000000000000000
000000000000000000000000000000001000011000000000000000000000000000000000000000000000000000000000
000000000000000000000100000000000100011000000000000001000000000000000000000000000000000000000000
000000000100000000000100000000000010111100000000000001000000000000000000000000000000100000000000
001000000100000000000100000000000001111110000000000001000000000000000000000000000000100000000000
101000000100000000000100000000000011111111000000000001000000000000000000000000000000100001000000
101000000100001000000100000000000111111111100000000001000000000000000000000000010000100001000000
101100000100001000000100000000001111111111110000000001000000000000000000000000110000100001000000
101001000110001000000100000000001111111111111110000001000000000000000000000000110000100001000000
101000000100001100000110000000001111111111111010000001000000000000000000000000110000100001000000
111111000100000000000100000000101111111111110000000001000000000000000000000000010000100001000000
001000111111111100000100000000001111111111100000000001000000000000000000000000000000100001000000
001000000100000011111111111111100011111111000000100001000000000000000010000000000000100001000000
001000000100000000000100000000001111111111111110000001000000000000100000000000000001100000000000
000000000100000000000100000000000000111100000001111111111111110000010000000000000010100000000000
000000000000000000000100000000000000011000000000000001000000000011111111111111100100000000000000
000000000000000000000000000000000000011000000000000000000000000001000100000000011111111110000000
000000000000000000000000000000000000100100000001000010000000000000000000000000000000000001111100
000000000000000000000000000000000001010010000010000000000000000000000000000000000000000001111100
000000000000000000000100000001000010000001000000000000000000000000000000000000000000000001111100
000000000100001000000000000000000100000000100000000000000000000000000000000000000000000001111100
001010000000000000000000000000001000000000010000000000000000000000000000000000011111111110000000
000000000000000000000000000000000000010000001010000000000000000011111111111111100000000000000000
100000000000000000000000100000000000000000001011111111111111110000000000000000000000000000000000
000001000000000000000000000000001111111111111110000000000000000000000000000000000000000000000000
000000000000000111111111111111100000000000001010000000010000000000000000000000000000000000000000
000000111111111100000000000000101000000000010000000000000000000000000000100000000000000000000000
011111000000000000000000000000001100000000100000000000000000000000000000000000000000010000000000
100000000000000000000000000000000010000001000000100000000000000000000000000000000000000000001000
100000000000000000000000000000000001000010000000000000000000000000100000000000000000000000000000
000000000000000000000000000000000000100100000000000000000000000000010000000000000000000001000000
000000000000000000000000000000000000000000000000000000000000000000001000000000010000000000000000
000000000000000000000000000000000000000000000000000000000000000000000100000000100000000000000000
000000000000000000000000000000000000000000000000000010000000100000000000000000000000000000000000
000000000000000000000000000000000000010000001000000000000000000000000000000000000000000000000000
000000000000000000000100000100000000000000000000000000000000000000000000000000000000000000000000
000000000100000000000000001000000000000000000000000000000000000000000000000000000000000000000000
001000000000000000000000010000000000000000000000000000000000000000000000000000000000000000000000
000000000000000000000000000000000000000000000000000000000000000000000000000000000000000000000000
000000000000000000000000000000000000010000000000000000000000000000000000000000000000000000000000
000000000000000000000000000000000000000010000000000010000000000000000000000000000000000000000000
000000000000000000000000000000000000000001000000000100000000000000000000000000000000000000000000
000000000000000000000000000000000000000000100000001000000000000000000000000000000000000000000000
000000000000000000000000000000000000000000010000010000000000000000000000000000000000000000000000
000000000000000000000000000000000000000000001000100000000000000000000000000000000000000000000000
000000000000000000000000000000000000000000000101000000000000000000000000000000000000000000000000
000000000000000000000000000000000000000000000010000000000000010000000000000000000000000000000000
000000000000000000000000000000001000000000000000000000000000100000000000000000000000000000000000
000000000000000000000000000000000100000000000000000000000001000000000000000000000000000000000000
000000000000000000000000000000000010000000000000000000000010000000000000000000000000000000000000
000000000000000000000000000000000001000000000000000000000100000000000000000000000000000000000000
000000000000000000000000000000000000100000000000000000001000000000000000000000000000000000000000
000000000000000000000000000000000000010000000000000000010000000000000000000000000000000000000000
000000000000000000000000000000000000001000000000000000100000000000000000000000000000000000000000
000000000000000000000000000000000000000100000000000001000000000000000000000000000000000000000000
000000000000000000000000000000000000000010000000000010000000000000000000000000000000000000000000
000000000000000000000000000000000000000001000000000100000000000000000000000000000000000000000000
000000000000000000000000000000000000000000100000001000000000000000000000000000000000000000000000
000000000000000000000000000000000000000000010000010000000000000000000000000000000000000000000000
000000000000000000000000000000000000000000001000100000000000000000000000000000000000000000000000
000000000000000000000000000000000000000000000100100000000000000000000000000000000000000000000000
000000000000000000000000000000000000000000000011000000000000000000000000000000000000000000000000
000000000000000000000000000000001000000000000000000000000000010000000000000000000000000000000000
000000000000000000000000000000000100000000000000000000000000100000000000000000000000000000000000
000000000000000000000000000000000010000000000000000000000001000000000000000000000000000000000000
000000000000000000000000000000000001000000000000000000000010000000000000000000000000000000000000
000000000000000000000000000000000000100000000000000000000100000000000000000000000000000000000000
000000000000000000000000000000000000010000000000000000001000000000000000000000000000000000000000
000000000000000000000000000000000000001000000000000000010000000000000000000000000000000000000000
000000000000000000000000000000000000000100000000000000100000000000000000000000000000000000000000
000000000000000000000000000000000000000100000000000000100000000000000000000000000000000000000000
000000000000000000000000000000000000000100000000000000100000000000000000000000000000000000000000
000000000000000000000000000000000000000100000000000000100000000000000000000000000000000000000000
000000000000000000000000000000000000000000000000000000000000000000000000000000000000000000000000
000000000000000000000000000000000000000000000000000000000000000000000000000000000000000000000000
000000000000000000000000000000000000010000000000000000000000000000000000000000000000000000000000
000000001001000000000000000000000000000000000000000000000000000000000000000000000000000000000000
000000000000000000010000010000000000000000000000000000000000000000000000000000000000000000000000
000000000000000000000000000000000001000000100000000000000000000000000000000000000000000000000000
000000000000000000000000000000000000000000000000001000000010000000000000000000000000000000000000
000000000000000000000000000000000000000000000000000000000000000000010000000010000000000000000000
000000000000000000000000000000000000000000000000000000000000000000000000000000000100000010000000
000000000000000000000000000000000000000000000000000000000000000000000000000000001000000001000000
000000000000000000000000000000000000000000000000000000000000000000000000000000010000000000100000
000000000000000000000000000000000000000000000000000000000000000000000000000001000010000000000000
000000000000000000000000000000000000000000000000000000000001000000001000000000000000000000000000
000000000000000000000000000000000000000000010000000100000000000000000000000000000000000000000000
000000000000000000000000001000000000100000000000000000000000000000000000000000000000000000000000
000000000000100000001000000000000000000000000000000000000000000000000000000000000000000000000000
000100000100000000000000000000000000000000000000000000000000000000000000000000000000000000000000
001000000010000000000000000000000000000000000000000000000000000000000000000000000000000000000000
000000001001000000000000000000000000000000000000000000000000000000000000000000000000000000000000
000000000000000000010000010000000000000000000000000000000000000000000000000000000000000000000000
000000000000000000000000000000000001000000100000000000000000000000000000000000000000000000000000
000000000000000000000000000000000000000000000000001000000010000000000000000000000000000000000000
000000000000000000000000000000000000000000000000000000000000000000010000000010000000000000000000
000000000000000000000000000000000000000000000000000000000000000000000000000000000100000010000000
101001000101110100000101000010101000010101110100100010101001010010111101010001001000101011110100
110100010001011110100000101000000101000010101111010100010101000001010111101010011010001011111000
101010110100010100010100000101001110101000010101001010100010100010001010111101001010100010101100
100101011101000101000010100000100111110101000010110001010101010001101001010111101100101001110100
110010010111010000101000010100000010101110111000010101001010100011101010001010100010101011101000
000000000000000000000000001000000000100000000000000000000000000000000000000000000000000000000000
000000000000100000001000000000000000000000000000000000000000000000000000000000000000000000000000
000100000100000000000000000000000000000000000000000000000000000000000000000000000000000000000000
001000000010000000000000000000000000000000000000000000000000000000000000000000000000000000000000
000000000000000000000000000000000000000000000000000000000000000000000000000000000000000000000000
000000000000000000000000000000000000010000000000000000000000000000000000000000000000000000000000
001000000000000000000000000000000100000000000000000000000000000000000000000000000000000000000000
000000000010000000000000000000000000000000000000100000000000000000000000000000000000000000000000
000000000000000000000001000000000000000000000000000000000000000001000000000000000000000000000000
000000000000000000000000000000000000000010000000000000000000000000000000000000001000000000000000
000000000000000000000000000000000000000000000000000000001000000000000000000000000000000001000000
000000000000000000000000000000000000000000000000000000000000000000000000001000000000000000000100
000000000000000000000000000000000000000000000000000000000000000000000000000000000000001100000000
000000000000000000000000000000000000000000000000000000000000000000000000010000000000000010000000
000000000000000000000000000000000000000000000000000000010000000000000000000000010000000000000000
000000000000000000000000000000000000000100000000000000000000000010000000000000000000000000000000
000000000000000000000010000000000000000000000001000000000000000000000000000000000000000000000000
000000000100000000000000000000001000000000000000000000000000000000000000000000000000000000000000
000000110000000000000000000000000000000000000000000000000000000000000000000000000000000000000000
010000000000000001000000000000000000000000000000000000000000000000000000000000000000000000000000
001000000000000000000000000000000100000000000000000000000000000000000000000000000000000000000000
