000000001001000000000000000000000000000000000000000000000000000000000000000000000000000000000000
000000000000000000010000010000000000000000000000000000000000000000000000000000000000000000000000
000000000000000000000000000000000001000000100000000000000000000000000000000000000000000000000000
000000000000000000000000000000000000000000000000001000000010000000000000000000000000000000000000
000000000000000000000000000000000000000000000000000000000000000000010000000010000000000000000000
000000000000000000000000000000000000000000000000000000000000000000000000000000000100000010000000
000000000000000000000000000000000000000000000000000000000000000000000000000000001000000001000000
000000000000000000000000000000000000000000000000000000000000000000000000000000010000000000100000
000000000000000000000000000000000000000000000000000000000000000000000000000001000010000000000000
000000000000000000000000000000000000000000000000000000000001000000001000000000000000000000000000
000000000000000000000000000000000000000000010000000100000000000000000000000000000000000000000000
000000000000000000000000001000000000100000000000000000000000000000000000000000000000000000000000
000000000000100000001000000000000000000000000000000000000000000000000000000000000000000000000000
000100000100000000000000000000000000000000000000000000000000000000000000000000000000000000000000
001000000010000000000000000000000000000000000000000000000000000000000000000000000000000000000000
000000001001000000000000000000000000000000000000000000000000000000000000000000000000000000000000
000000000000000000010000010000000000000000000000000000000000000000000000000000000000000000000000
000000000000000000000000000000000001000000100000000000000000000000000000000000000000000000000000
000000000000000000000000000000000000000000000000001000000010000000000000000000000000000000000000
000000000000000000000000000000000000000000000000000000000000000000010000000010000000000000000000
000000000000000000000000000000000000000000000000000000000000000000000000000000000100000010000000
000000000000000000000000000000000000000000000000000000000000000000000000000000001000000001000000
000000000000000000000000000000000000000000000000000000000000000000000000000000010000000000100000
000000000000000000000000000000000000000000000000000000000000000000000000000001000010000000000000
000000000000000000000000000000000000000000000000000000000001000000001000000000000000000000000000
000000000000000000000000000000000000000000010000000100000000000000000000000000000000000000000000
000000000000000000000000001000000000100000000000000000000000000000000000000000000000000000000000
000000000000100000001000000000000000000000000000000000000000000000000000000000000000000000000000
000100000100000000000000000000000000000000000000000000000000000000000000000000000000000000000000
001000000010000000000000000000000000000000000000000000000000000000000000000000000000000000000000
