000000000000000000000100000000001111011111111110000001000000000000000000000000000000000000000000
000000000000000000001000000000001110111111111110000010000000000000000000000000000000000000000000
000000000000000000010000000000001101111111111110000100000000000000000000000000000000000000000000
000000000000000000100000000000001011111111111110001000000000000000000000000000000000000000000000
000000000000000001000000000000000111111111111110010000000000000000000000000000000000000000000000
000000000000000010000000000000001111111111111100100000000000000000000000000000000000000000000000
000000000000000000000000000000101111111111111011000000000000000000000000000000000000000000000000
000000000000000000000000000001001111111111110110000000000000010000000000000000000000000000000000
000000000000000000000000000010001111111111101110000000000000100000000000000000000000000000000000
000000000000000000000000000100001111111111011110000000000001000000000000000000000000000000000000
000000000000000000000000001000001111111110111110000000000010000000000000000000000000000000000000
000000000000000000000000010000001111111101111110000000000100000000000000000000000000000000000000
000000000000000000000000100000001111111011111110000000001000000000000000000000000000000000000000
000000000000000000000001000000001111110111111110000000010000000000000000000000000000000000000000
000000000000000000000010000000001111101111111110000000100000000000000000000000000000000000000000
000000000000000000000010000000001111101111111110000000100000000000000000000000000000000000000000
000000000000000000000010000000001111101111111110000000100000000000000000000000000000000000000000
000000000000000000000010000000001111101111111110000000100000000000000000000000000000000000000000
000000000000000000000010000000001111101111111110000000100000000000000000000000000000000000000000
000000000000000000000010000000001111101111111110000000100000000000000000000000000000000000000000
