001100001000100000010000001000000011000000010000001100000001000000000000000001011100000000000000
001100001000100000010000001000000001000000010000011000000001000000011000000001011000000000000000
001100001000100000010000001000000001000000010000001000000001000000110000000001010110000000000000
001100001000100000010000001000000001000000010000001000000001000001010000000001001100000000100000
001100001000100000010000001000000001000000010000001000000001000010010000000000011100000001000000
001100001000100000010000001000000001000000010000001000000000000000010000000001111100000010000000
001100001000100000010000001000000001000000000000001000000001100000010000000011011100000000000000
001100001000100000010000000000000001000000011000001000000011000000010000000001011100000000000000
001100001000000000010000001100000001000000110000001000000001000000010000000001011100000000000000
001000001000110000010000011000000001000000010000001000000001000000010000000001011100000000000000
000110001001100000010000001000000001000000010000001000000001000000010000000001011100000000000000
101100000010100000010000001000000001000000010000001000000001000000010000000001011100000000000000
011100001100100000000000001000000001000000010000001000000001000000010000000001011100000000000000
001100011000100000011000001000000000000000010000001000000001000000010000000001011100000000000000
001100001000100000110000001000000001100000010000000000000001000000010000000001011100000000000000
000011100000100001000000010000000011000001000000011000001000000000000000010000000001110000000000
000011100000100001000000010000000010000001000000001100001000000000011000010000000000110000000000
000011100000100001000000010000000010000001000000001000001000000000001100010000000011010000000000
000011100000100001000000010000000010000001000000001000001000000000001010010000000001100000010000
000011100000100001000000010000000010000001000000001000001000000000001001000000000001110000001000
000011100000100001000000010000000010000001000000001000000000000000001000110000000001111000000000
000011100000100001000000010000000010000000000000001000011000000000001000011000000001110000000000
000011100000100001000000000000000010000011000000001000001100000000001000010000000001110000000000
000011100000000001000000110000000010000001100000001000001000000000001000010000000001110000000000
000001100001100001000000011000000010000001000000001000001000000000001000010000000001110000000000
000110100000110001000000010000000010000001000000001000001000000000001000010000000001110000000000
100011000000101001000000010000000010000001000000001000001000000000001000010000000001110000000000
010011100000100100000000010000000010000001000000001000001000000000001000010000000001110000000000
000011110000100011000000010000000000000001000000001000001000000000001000010000000001110000000000
000011100000100001100000010000000110000001000000000000001000000000001000010000000001110000000000
