001100001000100000010000001000000011000000010000001100000001000000000000000001011100000000000000
101100001000100000010000001000000001000000010000011000000001000000011000000001011000000000000000
001110001000100000010000001000000001000000010000001000000001000000110000000001010110000000000000
001100001000110000010000001000000001000000010000001000000001000001010000000001001100000000100000
001100001000100000010000001100000001000000010000001000000001000010010000000000011100000001000000
001100001000100000010000001000000001000000010000001000000000000000010000000001111100000010000000
001100001000100000010000001000000001000000000000001000000011100000010000000011011100000000000000
001100001000100000010000000000000001000000011000001000000011000000010000000101011100000000000000
001100001000000000010000001100000001000000110000001000000001000000010000001001011100000000000000
001000001000110000010000011000000001000000010000001000000001000000010000010001011100000000000000
000110001001100000010000001000000001000000010000001000000001000000010000100001011100000000000000
101100000010100000010000001000000001000000010000001000100001000000010000000001011100000000000000
011100001100100000000000001000000001001000010000001000000001000000010000000001011100000000000000
001100011000100000011100001000000000000000010000001000000001000000010000000001011100000000000000
001100001100100000110000001000000001100000010000000000000001000000010000000001011100000000000000
101111101000100001010000011000000011000001010000001100001001000000011000010001011100110000000000
001111101000100001010000011000000011000001010000011000001001000000011100010001011011010000000000
001111101000110001010000011000000011000001010000001000001001000000111010010001010111100000010000
001111101000100001010000011100000011000001010000001000001001000001011001000001001101110000101000
001111101000100001010000011000000011000001011000001000000001000010011000110000011101111001000000
001111101000100001010000011000000011000000010000001000011000100000011000011001111101110010000000
001111101000100001010000001000000011000011000000001000001101100000011000010011111101110000000000
001111101000100001010000110000000011000001111000001000001011000010011000010001011101110000000000
001101101001100001010000011100000011000001110000001000001001000001011000010001011101110000000000
001110101000110001010000011000000011000001010000001000001001000000111000010001011101110000000000
100111001001101001010000011000000011000001010000011000001001000000011000010001011101110000000000
111111100010100100010000011000000011000001010000001000001001000000011000010001011101110000000000
011111111100100011100000011000000001000001010000001000001001000000011000010001011101110000000000
001111111000100001111000011000000110000001010000001000001001000000011000010001011101110000000000
001111101000100001110000011000000011100001010000011000001001000000010000010001011101110000000000
000011100100100001000000010000000011000001000000011000001000000000000000010000000001110000000000
000011100000100001000100010000000010000001000000001100001000000000011000010000000000110000000000
000011100000100001000000010000000010010001000000001000001000000000001100010000000011010000000000
000011100000100001000000010000000010000001000000001010001000000000001010010000000001100000010000
000011100000100001000000010000000010000001000000001000001000000000001101000000000001110000001000
000011100000100001000000010000000010000001000000001000000000000000001000110000000001111000000000
000011100000100001000000010000000010000000000000001000011000000000011000011000000001110000000000
000011100000100001000000000000000010000011000000001000001100000000101000010000000001110000000000
000011100000000001000000110000000010000001100000101000001000000000001000010000000001110000000000
000001100001100001000000011000001010000001000000001000001000000000001000010000000001110000000000
000110100000110001000000010000100010000001000000001000001000000000001000010000000001110000000000
100011000000101101000000010000000010000001000000001000001000000000001000010000000001110000000000
010011100000100100000000010000000010000001000000001000001000000000001000010000000001110000000000
100011110000100011000000010000000000000001000000001000001000000000001000010000000001110000000000
000011100000100001100000010000000110000001000000000000001000000000001000010000000001110000000000
000000000000000100000100000000001111011111111110000001000000000000000000000000000000000000000000
000000000000000000001000000000101110111111111110000010000000000000000000000000000000000000000000
000000000000000000010000000000001101111111111110000100000000000000000000000000000000000000000000
000000000000000000100000000000001011111111111110001000000000010000000000000000000000000000000000
000000000000000001000000000000000111111111111110010000000000000000000000000000100000000000000000
000000000000000010000000000000001111111111111100100000000000000000000000000001000000000000000000
000000000000000000000000000000101111111111111011000000000000000000000000000010000000000000000000
000000000000000000000000000001001111111111110110000000000000010000000000000100000000000000000000
000000000000000000000000000010001111111111101110000000000100100000000000000000000000000000000000
000000000000000000000000000100001111111111011110000000000001000000000000000000000000000000000000
000000000000000000000000101000001111111110111110000000000010000000000000000000000000000000000000
000000000001000000000000010000001111111101111110000000000100000000000000000000000000000000000000
000100000000000000000000100000001111111011111110000000001000000000000000000000000000000000000000
100000000000000000000001000000001111110111111110000000010000000000000000000000000000000000000000
000100000000000000000000000000000000001000000001111101111111110000000001000000000000000000000000
000000000001000000000000000000000000010000000001111011111111110000000010000000000000000000000000
000000000000000000000000100000000000100000000001110111111111110000000100000000000000000000000000
000000000000000000000000000000000001000010000001101111111111110000001000000000000000000000000000
000000000000000000000000000000000010000000000001011111111111110000010000000000000000000000000000
000000000000000000000000000000000100000000000000111111111111110000100000100000000000000000000000
000000000000000000000000000000001000000000000001111111111111100001000001000000000000000000000000
000000000000000000000000000000000000000000000011111111111111010010000010000000000000000000000000
000000000000000000000000000000000000000000000101111111111110110000000100000000100000000000000000
000000000000000000000000000000000000000000001001111111111101110000000000000001000000000000000000
000000000000000000000000000000000001000000010001111111111011110000000000000010000000000000000000
000000000000000000100000000000000000000000100001111111110111110000000000000100000000000000000000
000000010000000000000000000000000000000001000001111111101111110000000000001000000000000000000000
010000000000000000000000000000000000000010000001111111011111110000000000010000000000000000000000
000000000000000000000000000000000000000100000001111110111111110000000000100000000000000000000000
000000000000000000000000000000000000001000000001111101111111110000000001000000000000000000000000
