011111000000000000000000000000000000000000000000000000000000000000000000000000000000000001111100
001111000000000000000000000000000000000000000000000000000000000000000000000000000000000001011100
011100000000000000000000000000000000000000000000000000000000000000000000000000000000000000011100
011000000000000000000000000000000000000000000000000000000000000000000000000000000000000000011000
010000000000000000000000000000000000000000000000000000000000000000000000000000000000000000010000
000000000000000000000000000000000000000000000000000000000000000000000000000000000000000000000000
000000000000000011011011011011001011011011011010110110110110110000000000000000000000000000000000
000000000000000011011011011011001011011011011010100100100100100000000000000000000000000000000000
000000000000000011011011011011001001001001001000100100100100100000000000000000000000000000000000
000000000000000010010010010010001001001001001000100100100100100000000000000000000000000000000000
000000000000000000000000000000001001001001001000100100100100100000000000000000000000000000000000
000000000000000000000000000000000000000000000000100100100100100000000000000000000000000000000000
000000000000000000000000000000000000000000000000000000000000000000000000000000000000000000000000
000000000000000000000000000000000000000000000000000000000000000000000000000000000000000000000000
000000000000000010010010010010001001001001001000100100100100100000000000000000000000000000000000
000000000000000001001001001001000100100100100100010010010010010000000000000000000000000000000000
000000000000000000100100100100100010010010010011001001001001000000000000000000000000000000000000
000000000000000010010010010010001001001001001000100100100100100000000000000000000000000000000000
000000000000000001001001001001000100100100100100010010010010010000000000000000000000000000000000
000000000000000000100101000100100010010100010011001001010001000000000000000000000000000000000000
000000000000000010010011000010001001001100001000100100110000100000000000000000000000000000000000
000000000000000001001011000001000100101100000100010010110000010000000000000000000000000000000000
000000000000000000100111000000100010011100000011001001110000000000000000000000000000000000000000
000000000000000010010111000000001001011100000000100101110000000000000000000000000000000000000000
000000000000000001001111000000000100111100000000010011110000000000000000000000000000000000000000
000000000000000000101111000000000010111100000000001011110000000000000000000000000000000000000000
000000000000000000011111000000000001111100000000000111110000000000000000000000000000000000000000
000000000110000000000111000000000000111100000000000111000000000000000110000000000000000000000000
001100000111000000000011000000000000000000000000000110000000000000001110000000000001000000000000
101110000011100000000000000000000000000000000000001100000000000000011100000000000011000000000000
100111000000111000000000000000000000000000000000011000000000000000111000000000000110000000000000
000011000000011100000000000011000000000000000000110000000000000001110000000000000100000000000000
000000000000001100000000000011101100000000000111110000000000000001100000000000000000000000000000
000000000000000110000000000001101100000000000111100000000000010011000000000000000000000000000000
000000000000000010000000000000101100000000000011100000000000000000000000000000000000000000000000
000000000000000000000000000000001100000000000000100000000000000000000000000000000000000000000000
000000000000000000000000000000000100000000000000000000000000000000000000000000000000000000000000
100000000000000000000000000000000000000000000000000000000000000000000000000000000000000000000000
011111000000000000000000000000000000000000000000000000000000000000000000000000000000000001111100
000000101010101100000000000000000000000000000000000000000000000000000000000000011101010100000000
000000000000000001010010101010100000000000000000000000000000000010101001010101000000000000000000
000000000000000000000000000000001010010101010101010100101010100000000000000000000000000000000000
000000000000000001001010101010100000000000000000000000000000000010100101010101000000000000000000
000000101010101000000000000000000000000000000000000000000000000000000000000000010101010100000000
011111000000000000000000000000000000000000000000000000000000000000000000000000000000000001111100
100000000000000000000000000000000000000000000000000000000000000000000000000000000000000000000000
011111000000000000000000000000000000000000000000000000000000000000000000000000000000000001111100
000000111111111100000000000000000000000000000000000000000000000000000000000000011111111110000000
000000000000000011111111111111100000000000000000000000000000000011111111111111100000000000000000
000000000000000000000000000000001111111111111111111111111111110000000000000000000000000000000000
000000000000000000000000000000000000000000000000000000000000000000000000000000000000000000000000
000000000000000000000000000000001111111111111111111111111111110000000000000000000000000000000000
000000000000000011111111111111100000000000000000000000000000000011111111111111100000000000000000
000000111111111100000000000000000000000000000000000000000000000000000000000000011111111110000000
011111000000000000000000000000000000000000000000000000000000000000000000000000000000000001111100
100000000000000000000000000000000000000000000000000000000000000000000000000000000000000000000000
111111000000000000000000000000000000000000000000000000000000000000000000000000000000000000000000
111111111111111100000000000000000000000000000000000000000000000000000000000000000000000000000000
111111111111111111111111111111100000000000000000000000000000000000000000000000000000000000000000
111111111111111111111111111111100011000001100000000000000000000000000000000000000000000000000000
111111111111111111111111111111100011000001100000001000000100000000011000001100000000000000000000
111111111111111111111111111111100011000001100000001000000100000011111111111111100000000000000000
111111111111111111111111111111100011000001100000001000000100000011111111111111111111111110000000
111111111111111111111111111111101111111111111111111111111111110011111111111111111111111111111100
000000000000000000000000000000000000000000000000000000000000000000000000000000000000000000000000
111111111111111111111111111111101111111111111111111111111111110011111111111111111111111111111100
110010010000010000100000000100100010000000001000010000000000100011100000000000100000000000000000
100101000001000100000000100100100000000001000010000000000100010000000000000111100000000000000000
101010000100010000000100100100000000001000010000000000100010000000000000111100000000000000000000
110100010001000000100100100000000001000010000000000100010000000000000111100000000000000000000000
101001000100000100100100000000101000010000000000100010000000000000111100000000000000000000000000
110010010000010000100000000100100010000000001000010000000000100011100000000000100000000000000000
100101000001000100000000100100100000000001000010000000000100010000000000000111100000000000000000
101010000100010000000100100100000000001000010000000000100010000000000000111100000000000000000000
110100010001000000100100100000000001000010000000000100010000000000000111100000000000000000000000
101001000100000100100100000000101000010000000000100010000000000000111100000000000000000000000000
110010010000010000100000000100100010000000001000010000000000100011100000000000100000000000000000
100101000001000100000000100100100000000001000010000000000100010000000000000111100000000000000000
101010000100010000000100100100000000001000010000000000100010000000000000111100000000000000000000
110100010001000000100100100000000001000010000000000100010000000000000111100000000000000000000000
101001000100000100100100000000101000010000000000100010000000000000111100000000000000000000000000
