000000000000000000000000000000000000100000000000000000000000000000000000000000000000000000000000
000000000000000000011000000000000001110000000000000110000000000000000000000000000000000000000000
000000011100000000111100000000000011011000000000001111000000000000001110000000000000000000000000
011000111110000001100110000000000110001100000000011001100000000000011111000000000011100000000000
111101100011000111000011000000001100000110000000110000110000000000110001100000000110110000111000
100111000001101110000001110001101000000011000011100000011000000001100000110000001100011001101100
000010000000111000000000011011000000000001100111000000001100010011000000011000011000001111000100
000000000000010000000000001110000000000000111100000000000110110010000000001111110000000110000000
000000000000000000000000000000000000000000000000000000000001000000000000000000000000000000000000
000000000000000000000000000100000000000000011000000000000011100000000000000111100000000000000000
000000000000010000000000001110000000000000111100000000000110110010000000001111110000000110000000
000010000000111000000000011011000000000001100111000000001100010011000000011000011000001111000100
100111000001101100000000110001101000000011000011100000011000000001100000110000001100011001101100
111101100011000110000001100000101100000110000000110000110000000000110001100000000110110000111000
011000111110000011000011000000000110001100000000011001100000000000011011000000000011100000010000
000000011100000001111110000000000111011000000000001111000000000000001110000000000000000000000000
000000000000000000111100000000000001110000000000000110000000000000000100000000000000000000000000
000000000000000000000000000000000000100000000000000000000000000000000000000000000000000000000000
000000000000000000000000000000000000100000000000000000000001000000000000000000000000000000000000
000000000000000000000000000000000000000000000000000000000000000000000000000000000000000000000000
000000000000000000000000000000000000100000000000000000000001000000000000000000000000000000000000
000000000000000000000000000000000000000000000000000000000000000000000000000000000000000000000000
000000000000000000000000000000000000100000000000000000000001000000000000000000000000000000000000
000000000000000000000000000000000000000000000000000000000000000000000000000000000000000000000000
000000000000000000000000000000000000100000000000000000000001000000000000000000000000000000000000
000000000000000000000000000000000000000000000000000000000000000000000000000000000000000000000000
000000000000000000000000000000000000000000000000000000000000000000000000000000000000000000000000
