000000000000000000000000000000000000000010000000000000000000000000000000000000000000000000000000
000000000000000000000000000000000000000001000000000000000000000000000000000000000000000000000000
000000000000000000000000000000000000000000100000000000000000000000000000000000000000000000000000
000000000000000000000000000000000000000000010000000000000000000000000000000000000000000000000000
000000000000000000000000000000000000000000001000000000000000000000000000000000000000000000000000
000000000000000000000000000000000000000000000100000000000000000000000000000000000000000000000000
000000000000000000000000000000000000000000000010000000000000000000000000000000000000000000000000
000000000000000000000000000000001000000000000000000000000000000000000000000000000000000000000000
000000000000000000000000000000000100000000000000000000000000000000000000000000000000000000000000
000000000000000000000000000000000010000000000000000000000000000000000000000000000000000000000000
000000000000000000000000000000000001000000000000000000000000000000000000000000000000000000000000
000000000000000000000000000000000000100000000000000000000000000000000000000000000000000000000000
000000000000000000000000000000000000010000000000000000000000000000000000000000000000000000000000
000000000000000000000000000000000000001000000000000000000000000000000000000000000000000000000000
000000000000000000000000000000000000000100000000000000000000000000000000000000000000000000000000
000000000000000000000000000000000000000010000000000000010000000000000000000000000000000000000000
000000000000000000000000000000000000000001000000000000001000000000000000000000000000000000000000
000000000000000000000000000000000000000000100000000000000100000000000000000000000000000000000000
000000000000000000000000000000000000000000010000000000000010000000000000000000000000000000000000
000000000000000000000000000000000000000000001000000000000001000000000000000000000000000000000000
000000000000000000000000000000000000000000000100000000000000100000000000000000000000000000000000
000000000000000000000000000000000000000000000010000000000000010000000000000000000000000000000000
000000000000000000000000000000001000000000000001000000000000000000000000000000000000000000000000
000000000000000000000000000000000100000000000000100000000000000000000000000000000000000000000000
000000000000000000000000000000000010000000000000010000000000000000000000000000000000000000000000
000000000000000000000000000000000001000000000000001000000000000000000000000000000000000000000000
000000000000000000000000000000000000100000000000000100000000000000000000000000000000000000000000
000000000000000000000000000000000000010000000000000010000000000000000000000000000000000000000000
000000000000000000000000000000000000001000000000000001000000000000000000000000000000000000000000
000000000000000000000000000000000000000100000000000000100000000000000000000000000000000000000000
000000000000000000000001000000000000000010000000000000010000000000000000000000000000000000000000
000000000000000000000000100000000000000001000000000000001000000000000000000000000000000000000000
000000000000000000000000010000000000000000100000000000000100000000000000000000000000000000000000
000000000000000000000000001000000000000000010000000000000010000000000000000000000000000000000000
000000000000000000000000000100000000000000001000000000000001000000000000000000000000000000000000
000000000000000000000000000010000000000000000100000000000000100000000000000000000000000000000000
000000000000000000000000000001000000000000000010000000000000010000000000000000000000000000000000
000000000000000000000000000000101000000000000001000000000000000000000000000000000000000000000000
000000000000000010000000000000000100000000000000100000000000000000000000000000000000000000000000
000000000000000001000000000000000010000000000000010000000000000000000000000000000000000000000000
000000000000000000100000000000000001000000000000001000000000000000000000000000000000000000000000
000000000000000000010000000000000000100000000000000100000000000000000000000000000000000000000000
000000000000000000001000000000000000010000000000000010000000000000000000000000000000000000000000
000000000000000000000100000000000000001000000000000001000000000000000000000000000000000000000000
000000000000000000000010000000000000000100000000000000100000000000000000000000000000000000000000
000000000010000000000001000000000000000010000000000000010000000000000000100000000000000000000000
000000000010000000000000100000000000000001000000000000001000000000000000010000000000000000000000
000000000001000000000000010000000000000000100000000000000100000000000000001000000000000000000000
000000000000100000000000001000000000000000010000000000000010000000000000000100000000000000000000
000000000000100000000000000100000000000000001000000000000001000000000000000010000000000000000000
000000000000010000000000000010000000000000000100000000000000100000000000000001000000000000000000
000000000000001000000000000001000000000000000010000000000000010000000000000000100000000000000000
000000000000001000000000000000101000000000000001000000000000000010000000000000000000000000000000
000000000000000110000000000000000100000000000000100000000000000001000000000000000000000000000000
000000100000000001000000000000000010000000000000010000000000000000100000000000000000000000000000
000000100000000000100000000000000001000000000000001000000000000000010000000000000000000000000000
000000010000000000010000000000000000100000000000000100000000000000001000000000000000000000000000
000000001000000000001000000000000000010000000000000010000000000000000100000000000000000000000000
000000001000000000000100000000000000001000000000000001000000000000000010000000000000000000000000
000000000100000000000010000000000000000100000000000000100000000000000001000000000000000000000000
000000000010000000000001000000000000000010000000000000010000000000000000100000000000000000000000
000100000010000000000000100000000000000001000000000000001000000000000000010000000000001000000000
000100000001000000000000010000000000000000100000000000000100000000000000001000000000000100000000
000010000000000000000000001000000000000000010000000000000010000000000000000110000000000000000100
000010000000100000000000000100000000000000001000000000000001000000000000000011000000000010000000
000010000000010000000000000010000000000000000100000000000000100000000000000001110000000000000000
000001000000001000000000000001000000000000000010000000000000010010000000000000100000000001000000
000000000000001100000000000000101000000000000001000000000000000011000000000000001000000000000000
000001000000000110000000000000000100000000000000100000000000000001000000000000000100000000000000
010001100000000001000000000000000010000000000000010000000000000000110000000000000000000000100000
100000110000000000100000000000000001000000000000001000000000000000011000000000000010000000000000
000000110000000000010000000000000000100000000000000100000000000000001100000000000000000000010000
100000011000000000001000000000000000010000000000000010000000000000000110000000000000000000010000
100000001000000000000100000000000000001000000000000001000000000000000010000000000000100000000000
101000000100000000000010000000000000000100000000000000100000000000000001100000000000000000001000
100100000010000000000001000000000000000010000000000000010000000000000000110000000000000000001000
001100000010000000000000100000000000000001000000000000001000000000000000011000000000001000000000
100100000001000000000000010000000000000000100000000000000100000000000000001000000000001000000100
000010000000100000000000001000000000000000010000000000000010000000000000000100000000000100000000
000010000000110000000000000100000000000000001000000000000001000000000000000010000000000010000100
000010000000010000000000000010000000000000000100000000000000100000000000000001000000000001000000
000000000000000000000000000000000000000000000010000000000000000000000000000000000000000000000000
000000000000000000000000000000001000000000000000000000000000000000000000000000000000000000000000
000000000000000000000000000000000100000000000000000000000000000000000000000000000000000000000000
000000000000000000000000000000000010000000000000000000000000000000000000000000000000000000000000
000000000000000000000000000000000001000000000000000000000000000000000000000000000000000000000000
000000000000000000000000000000000000100000000000000000000000000000000000000000000000000000000000
000000000000000000000000000000000000010000000000000000000000000000000000000000000000000000000000
000000000000000000000000000000000000001000000000000000000000000000000000000000000000000000000000
000000000000000000000000000000000000000100000000000000000000000000000000000000000000000000000000
000000000000000000000000000000000000000010000000000000000000000000000000000000000000000000000000
000000000000000000000000000000000000000001000000000000000000000000000000000000000000000000000000
000000000000000000000000000000000000000000100000000000000000000000000000000000000000000000000000
000000000000000000000000000000000000000000010000000000000000000000000000000000000000000000000000
000000000000000000000000000000000000000000001000000000000000000000000000000000000000000000000000
000000000000000000000000000000000000000000000100000000000000000000000000000000000000000000000000
000000000000001000000000000001000000000000000110000000000000010000000000000000100000000000000000
000000000000001000000000000000101000000000000011000000000000000010000000000000000000000000000000
000000000000000110000000000000001100000000000000100000000000000001000000000000000000000000000000
000000100000000001000000000000000110000000000000010000000000000000100000000000000000000000000000
