000000000000000000000000000000000000000000000001101101101101100000000000000000000000000000000000
000000000000000000000000000000000000000000000001101101101101100000000000000000000000000000000000
000000000000000000000000000000001001001001001001101101101101100000000000000000000000000000000000
000000000000000000000000000000000000000000000001100001101101100000000000000000000000000000000000
000000000000000010110110110110100110110110110111101101101101100000000000000000000000000000000000
000000000000000000000000000000000000000000000001101101101101100000000000000000000000000000000000
000000000000000000000000000000001001001001001000000000000000000000000000000000000000000000000000
000000000000000000000000000000000000000000000001101101101101100000000000000000000000000000000000
000000000000000000000000000000001111111111111110000000000000000000000000000000000000000000000000
000000000000000000000000000000001111111111111110000000000000000000000000000000000000000000000000
000000000000000011111111111111100000000000000000000000000000000000000000000000000000000000000000
000000111111111100000000000000000000000000000000000000000000000000000000000000000000000000000000
011111111111111100000000000000000000000000000000000000000000000000000000000000000000000000000000
100000000000000000000000000000000000000000000000000000000000000000000000000000000000000000000000
100000000000000000000000000000000000000000000000000000000000000000000000000000000000000000000000
000000000000000000000000000000001111111111111110000000000000000000000000000000000000000000000000
100000000000000000000000000000000000000000000000000000000000000000000000000000000000000000000000
000000000000000000000000000000001111111111111110000000000000000000000000000000000000000000000000
100000000000000000000000000000000000000000000000000000000000000000000000000000000000000000000000
111111001000000000000000000000000000000000000000000000000000000000000000000000000000000000000000
111111111111111100000000000000000000000000000000000000000000000000000000000000000000000000000000
111111111111111111111111111111100000000000000000000000000000000000000000000000000000000000000000
111111111111111111111111111111101111111111111110000000000000000000000000000000000000000000000000
011111111111111111111111111111101111111111111111111111111111110011111111111111100000000000000000
011111111111111111111111111111101111111111111111111111111111110011111111111111100000000000000000
011111111111111111111111111111101111111111111111111111111111110011111111111111100000000000000000
011111111111111111111111111111101111111111111111111111111111110011111111111111100000000000000000
011111111111111111111111111111101111111111111111111111111111110011111111111111100000000000000000
011111111111111111111111111111101111111111111111111111111111110011111111111111100000000000000000
100000000000000000000000000000000000000000000000000000000000000000000000000000000000000000000000
100000000000000000000000000000000000000000000000000000000000000000000000000000000000000000000000
100000000000000000000000000000000000000000000000000000000000000000000000000000000000000000000000
011111111111111111111111111111101111111111111111111111111111110011111111111111100000000000000000
111111111111111111111111111111101111111111111111111111111111110011111111111111100000000000000000
111111111111111111111111111111101111111111111111111111111111110011111111111111100000000000000000
100000101010101000000000000000000000000000000000000000000000000000000000000000000000000000000000
011111010101010100100100100100100000000000000001001001001001000000000000000000000000000000000000
111111111111111111111111111111101111111111111111111111111111110011111111111111100000000000000000
100000101010101000000000000000000100100100100100000000000000000000100100100100100000000000000000
011111010101010100100100100100100000000000000001001001001001000000000000000000000000000000000000
111111111111111111111111111111101111111111111111111111111111110011111111111111100000000000000000
011111010101010100100100100100100000000000000001001001001001000000000000000000000000000000000000
111111111111111111111111111111101111111111111111111111111111110011111111111111100000000000000000
011111010101010100100100100100100000000000000001001001001001000000000000000000000000000000000000
100000101010101000000000000000000100100100100100000000000000000000100100100100100000000000000000
111111111111111111111111111111101111111111111111111111111111110011111111111111100000000000000000
011111010101010100100100100100100000000000000001001001001001000000000000000000000000000000000000
011111010101010100100100100100100000000000000001001001001001000000000000000000000000000000000000
111111111111111111111111111111101111111111111111111111111111110011111111111111100000000000000000
111111111111111111111111111111101111111111111111111111111111110011111111111111100000000000000000
111111111111111111111111111111101111111111111111111111111111110011111111111111100000000000000000
111111111111111111111111111111101111111111111111111111111111110011111111111111100000000000000000
