000000000000000000000000000000000000100000000000000010000000000000000010000000000000100000001000
000000000000000000010000000000000000100000000000000010000000000000000010000000000000100000000000
000000010000000000010000000000000000100000000000000010000000000000000010000000000000000000000000
000000110000000000010000000000000000100000000000000010000000000000000000000000000000000000000000
000000110000000100010000000000000000100000000000000000000000000000000000000000000000000000000000
000000110000000100010000000001000000000000000000000000000000000000000000000000000000000000000000
000000110000000100000000000001000000000000000100000000000000000000000000000000000000000000000000
000000100000000100000000000001000000000000000100000000000000100000000000000000000000000000000000
000000000000000100000000000001000000000000000100000000000000100000000000000001000000000000000000
000000000000000000000000000001000000000000000100000000000000100000000000000001000000000010000000
000000000000000000000000000000000000000000000100000000000000100000000000000001000000000010000100
000000000000000000000000000000000000000000000000000000000000100000000000000001000000000010001100
000000000000000000000000000000000000000000000000000000000000000000000000000001000000100010001100
000000000000000000000000000000000000000000000000000000000000000000000010000000000000100010001100
000000000000000000000000000000000000000000000000000010000000000000000010000000000000100000001000
000000000000000000000000000000000000010000000000000010000000000000000010000000000000100000001000
000000000000000000000100000000000000010000000000000010000000000000000010000000000000100000000000
000000000100000000000100000000000000010000000000000010000000000000000010000000000000000000000000
001000000100000000000100000000000000010000000000000010000000000000000000000000000000000000000000
011000000100000000000100000000000000010000000000000000000000000000000000000000000000000000000000
011000100100000000001000000000000000000000000000000000000000000000000000000000000000000000000000
011000100100000010000000000000000000000000000000000000000000000000000000000000000000000000000000
011000100000000010000000000000001000000000000000000000000000000000000000000000000000000000000000
010000100000000010000000000000001000000000000001000000000000000000000000000000000000000000000000
000000100000000010000000000000001000000000000001000000000000000010000000000000000000000000000000
000000000000000010000000000000001000000000000001000000000000000010000000000000010000000000000000
000000000000000000000000000000001000000000000001000000000000000010000000000000010000000010000000
000000000000000000000000000000000000000000000001000000000000000010000000000000010000000110000000
000000000000000000000000000000000000000000000000000000000000000000000000001000010000000110000000
000000000000000000000000000000000000000000000000000000001000000000000000001000000000000110000000
000000000000000000000000000000000000000010000000000000001000000000000000001000000000000110000000
000000000000000000000001000000000000000010000000000000001000000000000000001000000000000100000000
000000000010000000000001000000000000000010000000000000001000000000000000000000000000000000000000
001000000010000000000001000000000000000010000000000000001000000000000000000000000000000000000000
011000000010000000000001000000000000000010000000000000000000000000000000000000000000000000000000
011000100010000000000001000000000000000000000000000000000000000000000000000000000000000000000000
011000100010000010000000000000000000000000000000000000000000000000000000000000000000000000000000
011000100000000010000000000000001000000000000000000000000000000000000000000000000000000000000000
010000100000000010000000000000001000000000000001000000000000000000000000000000000000000000000000
000000100000000010000000000000001000000000000001000000000000000010000000000000000000000000000000
000000000000000010000000000000001000000000000001000000000000000010000000000000010000000000000000
000000000000000000000000000000001000000000000001000000000000000010000000000000010000000010000000
000000000000000000000000000000000000000000000001000000000000000010000000000000010000000110000000
000000000000000000000000000000000000000000000000000000000000000010000000001000010000000110000000
000000000000000000000000000000000000000000000000000000001000000000000000001000010000000110000000
000000000000000000000000000000000000000010000000000000001000000000000000001000000000000110000000
000000000000000000000001000000000000000010000000000000001000000000000000001000000000000100000000
000000000010000000000001000000000000000010000000000000001000000000000000001000000000000000000000
001000000010000000000001000000000000000010000000000000001000000000000000000000000000000000000000
011000000010000000000001000000000000000010000000000000000000000000000000000000000000000000000000
011000100010000000000001000000000000000000000000000000000000000000000000000000000000000000000000
011000100010000010000000000000000000000000000000000000000000000000000000000000000000000000000000
011000100000000010000000000000001000000000000000000000000000000000000000000000000000000000000000
010000100000000010000000000000001000000000000001000000000000000000000000000000000000000000000000
000000100000000010000000000000001000000000000001000000000000000010000000000000000000000000000000
000000000000000010000000000000001000000000000001000000000000000010000000000000010000000000000000
000000000000000000000000000000001000000000000001000000000000000010000000000000010000000010000000
000000000000000000000000000000000000000000000001000000000000000010000000000000010000000110000000
000000000000000000000000000000000000000000000000000000000000000010000000001000010000000110000000
000000000000000000000000000000000000000000000000000000001000000000000000001000010000000110000000
000000000000000000000000000000000000000010000000000000001000000000000000001000000000000110000000
000000000000000000000001000000000000000010000000000000001000000000000000001000000000000100000000
000000000010000000000001000000000000000010000000000000001000000000000000001000000000000000000000
001000000010000000000001000000000000000010000000000000001000000000000000000000000000000000000000
011000000010000000000001000000000000000010000000000000000000000000000000000000000000000000000000
011000100010000000000001000000000000000000000000000000000000000000000000000000000000000000000000
011000100010000010000000000000000000000000000000000000000000000000000000000000000000000000000000
011000100000000010000000000000001000000000000000000000000000000000000000000000000000000000000000
010000100000000010000000000000001000000000000001000000000000000000000000000000000000000000000000
000000100000000010000000000000001000000000000001000000000000000010000000000000000000000000000000
000000000000000010000000000000001000000000000001000000000000000010000000000000010000000000000000
000000000000000000000000000000001000000000000001000000000000000010000000000000010000000010000000
000000000000000000000000000000000000000000000001000000000000000010000000000000010000000110000000
000000000000000000000000000000000000000000000000000000000000000010000000000000010000001110000000
000000000000000000000000000000000000000000000000000000000000000000000000000000010000011110000000
000000000000000000000000000000000000000000000000000000000000000000000001000000000000011110000000
000000000000000000000000000000000000000000000000000001000000000000000001000000000000011100000000
000000000000000000000000000000000000010000000000000001000000000000000001000000000000011000000000
000000000000000000001000000000000000010000000000000001000000000000000001000000000000010000000000
000000000000000000011000000000000000010000000000000001000000000000000001000000000000000000000000
000000000000000000111000000000000000010000000000000001000000000000000000000000000000000000000000
000000000000000001111000000000000000010000000000000000000000000000000000000000000000000000000000
000000000000000011111000000000000000000000000000000000000000000000000000000000000000000000000000
000000000000000011110000000000100000000000000000000000000000000000000000000000000000000000000000
000000000000000011100000000001100000000000000000000000000000000000000000000000000000000000000000
000000000000000011000000000011100000000000000000000000000000000000000000000000000000000000000000
000000000000000010000000000111100000000000000000000000000000000000000000000000000000000000000000
000000000000000000000000001111100000000000000000000000000000000000000000000000000000000000000000
000000000000000000000000011111000000000000000000000000000000000000000000000000000000000000000000
000000000000000000000000111110000000000000000000000000000000000000000000000000000000000000000000
000000000000000000000001111100000000000000000000000000000000000000000000000000000000000000000000
000000000000000000000011111000000000000000000000000000000000000000000000000000000000000000000000
000000000000000000000011110000000000000100000000000000000000000000000000000000000000000000000000
000000000000000000000011100000000000000100000000000000010000000000000000000000000000000000000000
000000000000000000000011000000000000000100000000000000010000000000000000010000000000000000000000
000000000000000000000010000000000000000100000000000000010000000000000000010000000000001000000000
000000000000000000000000000000000000000100000000000000010000000000000000010000000000001000000100
000000000000000000000000000000000000000000000000000000010000000000000000010000000000001001000100
