000000000100000000000000000000000000000000000000000000000000000000000000000000000000000000000000
000000001100000000000000000000000000000000000000000000000000000000000000000000000000000000000000
000000001100000000010000000000000000000000000000000000000000000000000000000000000000000000000000
000000001100000000010000000000000001000000000000000000000000000000000000000000000000000000000000
000000001100000000010000000000000001000000000000000100000000000000000000000000000000000000000000
000000001100000000010000000000000001000000000000000100000000000000000100000000000000000000000000
000000001100000000010000000000000001000000000000000100000000000000000110000000000000000000000000
000000001100000000010000000000000001000000000000000100000000000000000111000000000000000000000000
000000001100000000010000000000000001000000000000000100100000000000000111000000000000000000000000
000000001100000000010000000000000001001000000000000100100000000000000111000000000000000000000000
000000001100000000010000000000000001011000000000000100100000000000000111000000000000000000000000
000000001100000000010000000000000001011000000000000100100000000000000111000000000000000000000000
000000000000000000000000000000000000000000000000000000000000000000000000000000000000000000000000
000000001100000000010000000000000001011000000000000100100000000000000111000000000000000000000000
000000001100000000010000000000000001011000000000000100100000000000000111000000000000000000000000
000000000000000000000000000000000000000000000000000000000000000000000000000000000000000000000000
000000001100000000010000000000000001011000000000000100100000000000000111000000000000000000000000
000000001100000000010000000000000001011000000000000100100000000000000111000000000000000000000000
000000000000000000000000000000000000000000000000000000000000000000000000000000000000000000000000
000000000000000000000000000000000000000000000000000000000000000000010000000000000000000000000000
000000000000000000000000000000000001000000000000001000000000000000010000000000000000000000000000
000000000000000000010000000000000001000000000000001000000000000000010000000000000000000000000000
000000001000000000010000000000000001000000000000001000000000000000010000000000000000000000000000
000000001100000000010100000000000001000000000000001000000000000000010000000000000000000000000000
000000001100000000010100000000000001010000000000001000000000000000010000000000000000000000000000
000000001100000000010100000000000001110000000000001000000000000000010000000000000000000000000000
000000001100000000010100000000000001110000000000001010000000000000010000000000000000000000000000
000000001100000000010100000000000001110000000000001010000000000000010000000000000000000000000000
000000001100000000010100000000000001110000000000001010000000000000010010000000000000000000000000
000000000000000000000000000000000000000000000000000000000000000000000000000000000000000000000000
000000001100000000010100000000000001110000000000001010000000000000010010000000000000000000000000
000000001100000000010100000000000001110000000000001010000000000000010010000000000000000000000000
000000000000000000000000000000000000000000000000000000000000000000000000000000000000000000000000
000000001100000000010100000000000001110000000000001010000000000000010010000000000000000000000000
000000001100000000010100000000000001110000000000001010000000000000010010000000000000000000000000
000000000000000000000000000000000000000000000000000000000000000000000000000000000000000000000000
000000001100000000010100000000000001110000000000001010000000000000010010000000000000000000000000
000000001100000000010100000000000001110000000000001010000000000000010010000000000000000000000000
000000000000000000000000000000000000000000000000000000000000000000000100000000000000000000000000
000000000000000000000000000000000000000000000000000010000000000000000100000000000000000000000000
000000000000000000000000000000000000010000000000000010000000000000000100000000000000000000000000
000000000000000000000100000000000000010000000000000010000000000000000100000000000000000000000000
000000000000000000000100000000000000010000000000000010000000000000000100000000000000000000000000
000000000010000000000100000000000000010000000000000010000000000000000100000000000000000000000000
000000000000000000000100000000000000010000000000000010000000000000000100000000000000000000000000
000000000010000000000100000000000000010000000000000010000000000000000100000000000000000000000000
000000000000000000000100000000000000010000000000000010000000000000000100000000000000000000000000
000000000010000000000100000000000000010000000000000010000000000000000100000000000000000000000000
000000000000000000000100000000000000010000000000000010000000000000000100000000000000000000000000
000000000010000000000100000000000000010000000000000010000000000000000100000000000000000000000000
000000000000000000000010000000000000000000000000000000000000000000000000000000000000000000000000
000000000010000000000100000000000000010000000000000010000000000000000100000000000000000000000000
000000000000000000000100000000000000010000000000000010000000000000000100000000000000000000000000
000000000010000000000100000000000000010000000000000010000000000000000100000000000000000000000000
000000000000000000000000000000000000000000000000000000000000000000000000000000000000000000000000
000000000010000000000100000000000000010000000000000010000000000000000100000000000000000000000000
000000000000000000000000000000000000000000000000000000000000000000000100000000000000000000000000
000000000000000000000000000000000000100000000000000000000000000000000100000000000000000000000000
000000001000000000000000000000000000100000000000000000000000000000000100000000000000000000000000
000000001100000000000000000000000000100000000000000000000000000000000100000000000000000000000000
000000001100000000000010000000000000100000000000000000000000000000000100000000000000000000000000
000000001100000000000010000000000000110000000000000000000000000000000100000000000000000000000000
000000000000000000000000000000000000000000000000000000000000000000000000000000000000000000000000
000000001100000000000010000000000000110000000000000000000000000000000100000000000000000000000000
000000001100000000000010000000000000110000000000000000000000000000000100000000000000000000000000
000000000000000000000000000000000000000000000000000000000000000000000000000000000000000000000000
000000001100000000000010000000000000110000000000000000000000000000000100000000000000000000000000
000000001100000000000010000000000000110000000000000000000000000000000100000000000000000000000000
000000000000000000000000000000000000000000000000000000000000000000000000000000000000000000000000
000000001100000000000010000000000000110000000000000000000000000000000100000000000000000000000000
000000001100000000000010000000000000110000000000000000000000000000000100000000000000000000000000
000000000000000000000000000000000000000000000000000000000000000000000000000000000000000000000000
000000001100000000000010000000000000110000000000000000000000000000000100000000000000000000000000
000000001100000000000010000000000000110000000000000000000000000000000100000000000000000000000000
000000000000000000000000000000000000000000000000000000000000000000000000000000000000000000000000
000000001100000000000010000000000000110000000000000000000000000000000100000000000000000000000000
000000000000000000000000000000000000000000000000000000000000000000000000000000000000000000000000
000000000000000000000000000000000000000000000000000000000000000000000000000000000000000000000000
000000000000000000000000000000000000000000000000000000000000000000000000000000000000000000000000
