000000000000000000000000000000000000011000000000000001000000000000000000000000000000000000000000
000000000000000000000000000000000000100100000000000010100000000000000000000000000000000000000000
000000000000000000000000000000000001000010000000000100010000000000000000000000000000000000000000
000000000000000000000000000000000010000001000000001000001000000000000000000000000000000000000000
000000000000000000000000000000000100000000100000010000000100000000000000000000000000000000000000
000000000000000000000000000000001000000000010000100000000010000000000000000000000000000000000000
000000000000000000000000000000000000000000001011000000000001000000000000000000000000000000000000
000000000000000000000000000000000000000000000100000000000000110000000000000000000000000000000000
000000000000000000000000000000000000000000001010000000000000110000000000000000000000000000000000
000000000000000000000000000000001000000000010001000000000001000000000000000000000000000000000000
000000000000000000000000000000000100000000100000100000000010000000000000000000000000000000000000
000000000000000000000000000000000010000001000000010000000100000000000000000000000000000000000000
000000000000000000000000000000000001000010000000001000001000000000000000000000000000000000000000
000000000000000000000000000000000000100100000000000100010000000000000000000000000000000000000000
000000000000000000000000000000000000011000000000000010100000000000000000000000000000000000000000
000000000000000000001010000000000000100100000000000000000000000000000000000000000000000000000000
000000000000000000010001000000000001000010000000000000000000000000000000000000000000000000000000
000000000000000000100000100000000010000001000000000000000000000000000000000000000000000000000000
000000000000000001000000010000000100000000100000000000000000000000000000000000000000000000000000
000000000000000010000000001000001000000000010000000000000000000000000000000000000000000000000000
000000000000000000000000000100100000000000001010000000000000000000000000000000000000000000000000
000000000000000000000000000011000000000000000100000000000000000000000000000000000000000000000000
000000000000000000000000000011000000000000001010000000000000000000000000000000000000000000000000
000000000000000000000000000100101000000000010000000000000000000000000000000000000000000000000000
000000000000000010000000001000000100000000100000000000000000000000000000000000000000000000000000
000000000000000001000000010000000010000001000000000000000000000000000000000000000000000000000000
000000000000000000100000100000000001000010000000000000000000000000000000000000000000000000000000
000000000000000000010001000000000000100100000000000000000000000000000000000000000000000000000000
000000000000000000001010000000000000011000000000000000000000000000000000000000000000000000000000
000000000000000000000100000000000000011000000000000001000000000000000000000000000000000000000000
000000000100000000000100000000000000111100000000000001000000000000000000000000000000100000000000
001000000100000000000100000000000001111110000000000001000000000000000000000000000000100000000000
101000000100000000000100000000000011111111000000000001000000000000000000000000000000100001000000
101000000100001000000100000000000111111111100000000001000000000000000000000000010000100001000000
101000000100001000000100000000001111111111110000000001000000000000000000000000110000100001000000
101000000100001000000100000000001111111111111110000001000000000000000000000000110000100001000000
101000000100001000000100000000001111111111111010000001000000000000000000000000110000100001000000
101000000100000000000100000000001111111111110000000001000000000000000000000000010000100001000000
001000000100000000000100000000000111111111100000000001000000000000000000000000000000100001000000
001000000100000000000100000000000011111111000000000001000000000000000000000000000000100001000000
001000000100000000000100000000000001111110000000000001000000000000000000000000000000100000000000
000000000100000000000100000000000000111100000000000001000000000000000000000000000000100000000000
000000000000000000000100000000000000011000000000000001000000000000000000000000000000000000000000
000000000000000000000000000000000000011000000000000000000000000000000000000000000000000000000000
000000000000000000000000000000000000100100000000000000000000000000000000000000000000000000000000
000000000000000000000000000000000001000010000000000000000000000000000000000000000000000000000000
000000000000000000000000000000000010000001000000000000000000000000000000000000000000000000000000
000000000000000000000000000000000100000000100000000000000000000000000000000000000000000000000000
000000000000000000000000000000001000000000010000000000000000000000000000000000000000000000000000
000000000000000000000000000000000000000000001010000000000000000000000000000000000000000000000000
000000000000000000000000000000000000000000001010000000000000000000000000000000000000000000000000
000000000000000000000000000000000000000000000100000000000000000000000000000000000000000000000000
000000000000000000000000000000000000000000001010000000000000000000000000000000000000000000000000
000000000000000000000000000000001000000000010000000000000000000000000000000000000000000000000000
000000000000000000000000000000000100000000100000000000000000000000000000000000000000000000000000
000000000000000000000000000000000010000001000000000000000000000000000000000000000000000000000000
000000000000000000000000000000000001000010000000000000000000000000000000000000000000000000000000
000000000000000000000000000000000000100100000000000000000000000000000000000000000000000000000000
