000000000000000000100100100100100000000000000000000000000000000000000000000000000000000000000000
000000000000000000100100100100100010010010010010000000000000000000000000000000000000000000000000
000000000000000000100100100100100010010010010010010010010010010000000000000000000000000000000000
000000000000000000000000000000000010010010010010010010010010010000100100100100100000000000000000
000000000000000000000000000000000000000000000000010010010010010000100100100100110101010100000000
000000000000000000000000000000000000000000000000000000000000000000100100100100110101010101111100
000000000000000000000000000000000000000000000000000000000000000000000000000000010101010101111100
000000000000000000000000000000000000000000000000000000000000000000000000000000000000000001111100
000000000000000000000000000000000000000000000000000000000000000000000000000000000000000000000000
000000000000000000000000000000000000000000000000000000000000000000000000000000000000000001111100
000000000000000000000000000000000000000000000000000000000000000000000000000000011111111110000000
000000000000000000000000000000000000000000000000000000000000000010110110110110111111111110000000
000000000000000000000000000000000000000000000000110110110110110010110110110110100000000000000000
000000000000000000000000000000001101101101101100110110110110110000000000000000000000000000000000
000000000000000010110110110110101101101101101100000000000000000000000000000000000000000000000000
000000010101010111111111111111100000000000000000000000000000000000000000000000000000000000000000
011111010101010111111111111111100000000000000000000000000000000000000000000000000000000000000000
111111010101010111111111111111100000000000000000000000000000000000000000000000000000000000000000
111111111111111111111111111111100000000000000000000000000000000000000000000000000000000000000000
111111111111111111111111111111100000000000000000000000000000000000000000000000000000000000000000
111111111111111111111111111111100000000000000000000000000000000000000000000000000000000000000000
111111111111111100100100100100100000000000000000000000000000000000000000000000000000000000000000
111111111111111100000000000000000000000000000000000000000000000000000000000000000000000000000000
111111010101010100000000000000000000000000000000000000000000000000000000000000000000000000000000
111111000000000000000000000000000000000000000000000000000000000000000000000000000000000000000000
100000000000000000000000000000000000000000000000000000000000000000000000000000000000000000000000
100000000000000000000000000000000000000000000000000000000000000000000000000000000000000000000000
111111111111111111111111111111101111111111111111111111111111110011111111111111111111111111111100
111111111111111111111111111111101111111111111111111111111111110011111111111111111111111111111100
011111111111111111111111111111101111111111111111111111111111110011111111111111111111111111111100
011111010101010111111111111111101111111111111111111111111111110011111111111111111111111111111100
011111010101010100100100100100101111111111111111111111111111110011111111111111111111111111111100
011111010101010100100100100100101011011011011011111111111111110011111111111111111111111111111100
011111010101010100100100100100101011011011011010110110110110110011111111111111111111111111111100
011111010101010100100100100100101011011011011010110110110110110000100100100100111111111111111100
011111010101010100100100100100101011011011011010110110110110110000100100100100110101010101111100
011111010101010100100100100100101011011011011010110110110110110000100100100100110101010101111100
000000010101010100100100100100101011011011011010110110110110110000100100100100110101010101111100
000000000000000000100100100100101011011011011010110110110110110000100100100100110101010101111100
000000000000000000000000000000001011011011011010110110110110110000100100100100110101010101111100
011111000000000000000000000000001011011011011010110110110110110000100100100100110101010101111100
011111010101010100000000000000000000000000000000110110110110110000100100100100110101010101111100
011111010101010100100100100100100000000000000000000000000000000000100100100100110101010101111100
011111010101010100100100100100101011011011011010000000000000000000000000000000010101010101111100
011111010101010100100100100100101011011011011010110110110110110000000000000000000000000001111100
011111010101010100100100100100101011011011011010110110110110110000100100100100100000000000000000
011111010101010100100100100100101011011011011010110110110110110000100100100100110101010100000000
011111010101010100100100100100101011011011011010110110110110110000100100100100110101010101111100
111111010101010100100100100100101011011011011010110110110110110000100100100100110101010101111100
111111010101010100100100100100101011011011011010110110110110110000100100100100110101010101110100
111111010101010100100100100100101011011011011010110110110110110000100100100100110101000101110100
111111010101010100100100100100101011011011011010110110110110110000100100000100110101000101110100
111111010101010100100100100100101011011011011010110110100110110000100100000100110101000101110100
111111010101010100100100100100101011011001011010110110100110110000100100000100110101000101110100
111111010101010100100100000100101011011001011010110110100110110000100100000100110101000101110100
111111010100010100100100000100101011011001011010110110100110110000100100000100110101000101110100
111011010100010100100100000100101011011001011010110110100110110000100100000100110101000101110100
011011010100010100100100000100101011011001011010110110100110110000100100000100110101000101110100
001011010100010100100100000100101011011001011010110110100110110000100100000100110101000101110100
001011000100010100100100000100101011011001011010110110100110110000100100000100110101000101110100
001011000100010100000100000100101011011001011010110110100110110000100100000100110101000101110100
001011000100010100000100000100101010011001011010110110100110110000100100000100110101000101110100
001011000100010100000100000100101010011001011010110010100110110000100100000100110101000101110100
001011000100010100000100000100101010011001011010110010100110110000100000000100110101000101110100
001011000100010100000100000100101010011001011010110010100110110000100000000100110100000101110100
001011000100010100000100000100101010011001011010110010100110110000100000000100110100000101100100
001011000100010100000100000100101010011001011010110010100110110000100000000100110100000101000100
001011000100010100000100000100101010011001011010110010100110110000100000000100110000000101000100
001011000100010100000100000100101010011001011010110010100110110000000000000100110000000101000100
001011000100010100000100000100101010011001011010100010100110110000000000000100110000000101000100
001011000100010100000100000100101000011001011010100010100110110000000000000100110000000101000100
001011000100010100000100000100101000011001011010100010100110110000000000000100110000000101000100
001011000100010100000100000100101000011000011010000000100110110000000000000100110000000101000100
001011000100010100000100000100100000001000011010000000100010110000000000000100110000000101000100
001011000100010100000000000100000000001000011000000000100000110000000000000000110000000101000100
001011000000010000000000000100000000000000001000000000100000100000000000000000110000000001000100
000010000000010000000000000000000000000000001000000000000000100000000000000000010000000001000000
000000000000000000000000000000000000000000000000000000000000000000000000000000000000000000000000
010001001000001000001000000010000000010000001000000001000001000000000001000010000000011100000000
111011001100011000001100000110000000011000011000000001100011000000000001111110000000011100000000
111111001110111000001110001110000000011100111000000001111111000000000001111110000000011100000000
111111001111111000001111011110000000011111111000000001111111000000000001111110000000011100000000
111111001111111000001111111110000000011111111000000001111111000000000001111110000000011100000000
101110000111110000001111111110000000011111111000000001111111000000000000111100000000000000000000
000100000111110000001111111110000000011111111000000001111111000000000000000000000000000000000000
000000000011100000000111111100000000011111111000000000011100000000000000000000000000000000000000
000000000000000000000111111100000000011111111000000000000000000000000000000000000000000000000000
000000000000000000000000100000000000011111111000000000000000000000000000000000000000000000000000
000000000000000000000000000000000000011111111000000000000000000000000000000000000000000000000000
000000000000000000000000000000000000000111100000000000000000000000000000000000000000000000000000
000000000000000000000000000000000000000011000000000000000000000000000000000000000000000000000000
000000000000000000000000000000000000000011000000000000000000000000000000000000000000000000000000
