000000000000000000000000000000000100100100100101001001001001000000000000000000000000000000000000
000000000000000000000000000000000010010010010010100100100100100000000000000000000000000000000000
000000000000000000000000000000000100100100100101001001001001000000000000000000000000000000000000
000000000000000000000000000000000010010010010010100100100100100000000000000000000000000000000000
000000000000000000000000000000000100100100100101001001001001000000000000000000000000000000000000
000000000000000000000000000000000010010010010010100100100100100000000000000000000000000000000000
000000000000000000000000000000000100100100100101001001001001000000000000000000000000000000000000
000000000000000000000000000000000010010010010010100100100100100000000000000000000000000000000000
000000000000000000000000000000000100100100100101001001001001000000000000000000000000000000000000
000000000000000000000000000000000010010010010010100100100100100000000000000000000000000000000000
000000000000000000000000000000001111111111111111111111111111110000000000000000000000000000000000
000000000000000011111111111111101111111111111111111111111111110011111111111111100000000000000000
000000111111111111111111111111101111111111111111111111111111110011111111111111111111111110000000
011111111111111111111111111111101111111111111111111111111111110011111111111111111111111111111100
111111111111111111111111111111101111111111111111111111111111110011111111111111111111111111111100
111111111111111111111111111111100000000000000000000000000000000011111111111111111111111111111100
111111111111111100000000000000000000000000000000000000000000000000000000000000011111111111111100
111111000000000000000000000000000000000000000000000000000000000000000000000000000000000001111100
100000000000000000000000000000000000000000000000000000000000000000000000000000000000000000000000
101011000010010100001000000000100000100100010001000100000000000000001000100010001010010011101000
100010000100011000001100000000000000100000010100000101000000000000001000000010110010100011100000
