100000000000000000000000000000000100100100100100000000000000000000000000000000000000000000000000
111111000000000011011011011011001011011011011010110110110110110000000000000000000000000001111100
111111111111111100000000000000000010010010010010000000000000000000000000000000011111111111111100
111111111111111111111111111111100100100100100100000000000000000011111111111111111111111111111100
111111111111111111111111111111101111111111111111111111111111110011111111111111111111111111111100
100000000000000000000000000000001111111111111110000000000000000000000000000000000000000000000000
111111111111111111111111111111101111111111111111111111111111110011111111111111111111111111111100
100000000000000000000000000000001111111111111110000000000000000000000000000000000000000000000000
100000000000000011111111111111100000000000000001111111111111110000000000000000000000000000000000
111111111111111111111111111111101111111111111111111111111111110011111111111111111111111111111100
111111111111111111111111111111101111111111111111111111111111110011111111111111111111111111111100
111111111111111111111111111111101111111111111111111111111111110011111111111111111111111111111100
100000000000000000000000000000000100100100100100000000000000000000000000000000000000000000000000
111111000000000011011011011011001011011011011010110110110110110000000000000000000000000001111100
100000000000000000000000000000000100100100100100000000000000000000000000000000000000000000000000
111111000000000011011011011011001111111111111110110110110110110000000000000000000000000001111100
111111000000000011011011011011001111111111111110110110110110110000000000000000000000000001111100
111111000000000011011011011011001111111111111110110110110110110000000000000000000000000001111100
111111000000000011011011011011001111111111111110110110110110110000000000000000000000000001111100
111111000000000011011011011011001111111111111110110110110110110000000000000000000000000001111100
100000000000000000000000000000000000000000000000000000000000000000000000000000000000000000000000
011111000000000000000000000000000000000000000000000000000000000000000000000000000000000000000000
000000111111111100000000000000000000000000000000000000000000000000000000000000000000000000000000
000000000000000011111111111111100000000000000000000000000000000000000000000000000000000000000000
000000000000000000000000000000001111111111111110000000000000000000000000000000000000000000000000
000000000000000000000000000000000000000000000001111111111111110000000000000000000000000000000000
000000000000000000000000000000000000000000000000000000000000000011111111111111100000000000000000
000000000000000000000000000000000000000000000000000000000000000000000000000000011111111110000000
000000000000000000000000000000000000000000000000000000000000000000000000000000000000000001111100
000000000000000000000000000000000000000000000000000000000000000000000000000000000000000001111100
100000000000000000000000000000000000000000000000000000000000000000000000000000000000000001111100
111111000000000000000000000000000000000000000000000000000000000000000000000000000000000000000000
011111111111111100000000000000000000000000000000000000000000000000000000000000000000000000000000
000000111111111111111111111111100000000000000000000000000000000000000000000000000000000000000000
000000000000000011111111111111101111111111111110000000000000000000000000000000000000000000000000
000000000000000000000000000000001111111111111111111111111111110000000000000000000000000000000000
000000000000000000000000000000000000000000000001111111111111110011111111111111100000000000000000
000000000000000000000000000000000000000000000000000000000000000011111111111111111111111110000000
000000000000000000000000000000000000000000000000000000000000000000000000000000011111111111111100
100000000000000000000000000000000000000000000000000000000000000000000000000000000000000001111100
111111000000000000000000000000000000000000000000000000000000000000000000000000000000000001111100
111111111111111100000000000000000000000000000000000000000000000000000000000000000000000000000000
011111111111111111111111111111100000000000000000000000000000000000000000000000000000000000000000
000000111111111111111111111111101111111111111110000000000000000000000000000000000000000000000000
000000000000000011111111111111101111111111111111111111111111110000000000000000000000000000000000
000000000000000000000000000000001111111111111111111111111111110011111111111111100000000000000000
000000000000000000000000000000000000000000000001111111111111110011111111111111111111111110000000
000000000000000000000000000000000000000000000000000000000000000011111111111111111111111111111100
000000000000000000000000000000000000000000000000000000000000000000000000000000011111111111111100
000000000000000000000000000000000000000000000000000000000000000000000000000000000000000001111100
100000000000000000000000000000000000000000000000000000000000000000000000000000000000000000000000
111111000000000000000000000000000000000000000000000000000000000000000000000000000000000000000000
111111111111111100000000000000000000000000000000000000000000000000000000000000000000000000000000
111111111111111111111111111111100000000000000000000000000000000000000000000000000000000000000000
111111111111111111111111111111101111111111111110000000000000000000000000000000000000000000000000
111111111111111111111111111111101111111111111111111111111111110000000000000000000000000000000000
111111111111111111111111111111101111111111111111111111111111110011111111111111100000000000000000
111111111111111111111111111111101111111111111111111111111111110011111111111111111111111110000000
111111111111111111111111111111101111111111111111111111111111110011111111111111111111111111111100
111111111111111111111111111111101111111111111111111111111111110011111111111111111111111111111100
111111111111111111111111111111101111111111111111111111111111110011111111111111111111111111111100
111111111111111111111111111111101111111111111111111111111111110011111111111111111111111111111100
111111111111111111111111111111101111111111111111111111111111110011111111111111111111111111111100
011111111111111111111111111111101111111111111111111111111111110011111111111111111111111111111100
000000111111111111111111111111101111111111111111111111111111110011111111111111111111111111111100
000000000000000011111111111111101111111111111111111111111111110011111111111111111111111111111100
000000000000000000000000000000001111111111111111111111111111110011111111111111111111111111111100
000000000000000000000000000000000000000000000001111111111111110011111111111111111111111111111100
000000000000000000000000000000000000000000000000000000000000000011111111111111111111111111111100
000000000000000000000000000000000000000000000000000000000000000000000000000000011111111111111100
000000000000000000000000000000000000000000000000000000000000000000000000000000000000000001111100
000000000000000000000000000000000000000000000000000000000000000000000000000000011111111111111100
000000000000000000000000000000000000000000000000000000000000000011111111111111111111111111111100
000000000000000000000000000000000000000000000001111111111111110011111111111111111111111111111100
000000000000000000000000000000001111111111111111111111111111110011111111111111111111111111111100
000000000000000011111111111111101111111111111111111111111111110011111111111111111111111111111100
000000111111111111111111111111101111111111111111111111111111110011111111111111111111111111111100
011111111111111111111111111111101111111111111111111111111111110011111111111111111111111111111100
111111111111111111111111111111101111111111111111111111111111110011111111111111111111111111111100
000000000000000000000000000000000000000000000000000000000000000000000000000000000000000000000000
111111111111111111111111111111101111111111111111111111111111110011111111111111111111111111111100
000000000000000000000000000000000000000000000000000000000000000000000000000000000000000000000000
111111111111111111111111111111101111111111111111111111111111110011111111111111111111111111111100
000000000000000000000000000000000000000000000000000000000000000000000000000000000000000000000000
111111111111111111111111111111101111111111111111111111111111110011111111111111111111111111111100
111111111111111111111111111111101111111111111111111111111111110011111111111111111111111111111100
111111111111111111111111111111101111111111111111111111111111110011111111111111111111111111111100
000000000000000000000000000000000000000000000000000000000000000000000000000000000000000000000000
111111111111111111111111111111101111111111111111111111111111110011111111111111111111111111111100
000000000000000000000000000000000000000000000000000000000000000000000000000000000000000000000000
111111111111111111111111111111101111111111111111111111111111110011111111111111111111111111111100
000000000000000000000000000000000000000000000000000000000000000000000000000000000000000000000000
