100000000000000000000000000000000000000000000000000000000000000000000000000000000000000000000000
111111000000000000000000000000000000000000000000000000000000000000000000000000000000000000000000
011111111111111100000000000000000000000000000000000000000000000000000000000000000000000000000000
000000111111111111111111111111100000000000000000000000000000000000000000000000000000000000000000
000000000000000011111111111111101111111111111110000000000000000000000000000000000000000000000000
000000000000000000000000000000001111111111111110000000000000000000000000000000000000000000000000
000000000000000000000000000000001111111111111110000000000000000000000000000000000000000000000000
000000000000000000000000000000000000000000000000000000000000000000000000000000000000000000000000
000000000000000000000000000000001111111111111110000000000000000000000000000000000000000000000000
000000000000000000000000000000000000000000000000000000000000000000000000000000000000000000000000
000000000000000000000000000000001111111111111110000000000000000000000000000000000000000000000000
000000000000000011111111111111101111111111111111111111111111110000000000000000000000000000000000
000000000000000011111111111111101111111111111111111111111111110000000000000000000000000000000000
000000000000000011111111111111101111111111111111111111111111110000000000000000000000000000000000
000000000000000011111111111111101111111111111111111111111111110000000000000000000000000000000000
000000000000000011111111111111100000000000000001111111111111110000000000000000000000000000000000
000000010101010111111111111111100000000000000001111111111111110010101010100101000000000000000000
111111010101010100100100100100100000000000000001010101010010100010101010100101000000000000000000
111111010101010100100100100100100000000000000001010101010010100010101010100101000000000000000000
111111010101010100100100100100100000000000000001010101010010100010101010100101000000000000000000
100000000000000000000000000000000000000000000000000000000000000000000000000000000000000000000000
100000000000000000000000000000000000000000000000000000000000000000000000000000000000000000000000
100000000000000000000000000000000000000000000000000000000000000000000000000000000000000000000000
101000000000000000000000000000000000000000000000000000000000000000000000000000000000000000000000
101000000000000000000000000000000000000000000000000000000000000000000000000000000000000000000000
101000000000000000000000000000000000000000000000000000000000000000000000000000000000000000000000
101100000000000000000000000000000000000000000000000000000000000000000000000000000000000000000000
101100000000000000000000000000000000000000000000000000000000000000000000000000000000000000000000
101100000000000000000000000000000000000000000000000000000000000000000000000000000000000000000000
001110000000000000000000000000000000000000000000000000000000000000000000000000000000000000000000
001110000000000000000000000000000000000000000000000000000000000000000000000000000000000000000000
001110000000000000000000000000000000000000000000000000000000000000000000000000000000000000000000
000111000000000000000000000000000000000000000000000000000000000000000000000000000000000000000000
111111111111111100101111110100101111111111111110100010000000000000111100100100111111111111111100
111111010111110111111111111111101111111111111111111111111111110011111111111111100000000000000000
111011100100011000100100101110101111111111111111111111111111110000100100111100110101001011111100
110111010001000111111111111111101111111111111111111111111111110011111111111111100000000100000000
111111111111111101110000000100001111111111111110010000000000100011110000000000111111111111111100
111111111111010111101111100111100100100010101010111110010000100011100111100100110010000010010000
111111111111011101110111100100101011100101011000010111101001000010101100010001011101110101111100
111111011011110000100110111100100011001110100000111000011110100001111110101110100110001011111000
111111111111111100100000010101000000000000100100000000110011100000100001010000111111111111111100
110011111111111101100100100110100100000000001101110000000000010011110100100100111111111110000000
010100111111111101010010101010101111111111111111111111111111110010111001010101011111111110100000
111111111111111101000000000000001111111111111111111111111111110000000010001000011111111111111100
111111101110000001001010101010100000100001000100000010000000000010100101010101000000100111111100
111111111111111111111111111111101011111011111010110110110110110011111111111111110111010111111100
111111001111000000010000000000001111111111111111111111111111110000010001011000010000010001111100
100010011111100000000000000000000000000100101000010000001000000010000000100000000000000000000000
011111101111101000000001010000000100000011000101000000110000000000000001010000000000010001111100
000000111111111110000000100001001000001010000010000000000000000000000010001000011111111110001000
000000001111100011111111111111100000000011000000000010000000000011111111111111100000000100010000
100100000111110000000010001000001111111111111111111111111111110000000000000000000010000010000000
101100000111110000010000000000000000001000010000000000000010000000010000010000010000000000000000
100010011111111000000000000000001111111111111111111111111111110010000000000000000000001000000000
100001100011111111111111111111100100000000000101000000000000100011111111111111100000000000000100
100001111111111110000000000011001001000000000010000000000000010000000000000000011111111111000000
111111000011110000000000000010000100000000000001001000000000000000000000000000001010000001111100
100001100001110000000000000010000000000000000100110000000000000001010000000000000100000000000000
111111100001110000000000000010000000000000000100000000000000000000100000000000000000000000000000
111111111111111100000000000010000000000000000100000000000000000000000000000000000000000000000000
111111111111111111111111111111100000000000000100000000000000010000000000000000000000000000000000
111111111111111111111111111111100011000001100100000000000000010000000000000000000000000000000000
111111111111111111111111111111100011000001100100001000000100010000011000001100000000000000000000
111111111111111111111111111111100011000001100100001000000100010011111111111111100000000000000000
111111111111111111111111111111100011000001100100001000000100010011111111111111111111111110000000
111111111111111111111111111111101111111111111111111111111111110011111111111111111111111111111100
111111111111111111111111111111101111111111111111111111111111110011111111111111111111111111111100
111111111111111111111111111111101111111111111111111111111111110011111111111111111111111111111100
111111111111111111111111111111101111111111111111111111111111110011111111111111111111111111111100
111111111111111111111111111111101111111111111111111111111111110011111111111111111111111111111100
111111111111111111111111111111100000001000010001111111111111110011111111111111111111111111111100
111111111111111100100100100000000001000010000000000100010000000011111111111111111111111111111100
111111000100000100100100000000101000010000000000100010000000000000111100000000011111111111111100
110010010000010000100000000100100010000000001000010000000000100011100000000000100000000001111100
100101000001000100000000100100100000000001000010000000000100010000000000000111100000000000000000
101010000100010000000100100100000000001000010000000000100010000000000000111100000000000000000000
110100010001000000100100100000000001000010000000000100010000000000000111100000000000000000000000
101001000100000100100100000000101000010000000000100010000000000000111100000000000000000000000000
110010010000010000100000000100100010000000001000010000000000100011100000000000100000000000000000
100101000001000100000000100100100000000001000010000000000100010000000000000111100000000000000000
101010000100010000000100100100000000001000010000000000100010000000000000111100000000000000000000
110100010001000000100100100000000001000010000000000100010000000000000111100000000000000000000000
101001000100000100100100000000101000010000000000100010000000000000111100000000000000000000000000
000000000000000000000000000000000000000000000000000000000000000000000000000000000000000000010000
000000000000000000000000000000000000000000000000000000000000000000000000000000000001000000010000
000000000000000000000000000000000000000000000000000000000000000000000000000000000001000000000000
000000000000000000000000000000000000000000000000000000000000000000000100000000000001000000000000
000000000000000000000000000000000000100000000000000000000000000000000100000000000000000000000000
000000000000000000000000000000000000100000000000000110000000000000000000000000000000000000000000
000000001000000000000000000000000000100000000000000000000000000000000000000000000000000000000000
000000001000000000011000000000000000000000000000000000000000000000000000000000000000000000000000
100000001000000000000000000000000000000000000000000000000000000000000000000000000000000000000000
111000000000000000000000000000000000000000000000000000000000000000000000000000000000000000000000
111111000000000000000000000000000000000000000000000000000000000000000000000000000000000000000000
100000000000000000000000000000000000000000000000000000000000000000000000000000000000000000000000
111111000000000000000000000000000000000000000000000000000000000000000000000000000000000000000000
111111010101010100000000000000000000000000000000000000000000000000000000000000000000000000000000
111111101010101000000000000000000000000000000000000000000000000000000000000000000000000000000000
111111111111111100000000000000000000000000000000000000000000000000000000000000000000000000000000
111111111111111111011011011011000000000000000000000000000000000000000000000000000000000000000000
111111111111111100100100100100100000000000000000000000000000000000000000000000000000000000000000
111111111111111111111111111111100000000000000000000000000000000000000000000000000000000000000000
111111111111111100100100100100100000000000000000000000000000000000000000000000000000000000000000
111111111111111111111111111111101101101101101100000000000000000000000000000000000000000000000000
111111111111111111111111111111100010010010010010000000000000000000000000000000000000000000000000
111111111111111111111111111111101101101101101100100100100100100000000000000000000000000000000000
111111111111111111111111111111101101101101101100100100100100100000000000000000000000000000000000
111111111111111100100100100100100000000000000000000000000000000000000000000000000000000000000000
111111111111111111111111111111101101101101101100100100100100100000000000000000000000000000000000
111111111111111111111111111111101101101101101100100100100100100000000000000000000000000000000000
100000111111111111111111111111101101101101101100100100100100100000000000000000000000000001111100
100000000000000011111111111111101101101101101100100100100100100000000000000000010101010101111100
100000000000000011111111111111101101101101101100100100100100100000000000000000001010101011111100
100000000000000010010010010010001101101101101101111111111111110000000000000000011111111111111100
100000000000000010010010010010001101101101101101111111111111110001101101101101111111111111111100
100000000000000010010010010010001101101101101101111111111111110011111111111111111111111111111100
100000000000000010010010010010001101101101101101111111111111110011111111111111111111111111111100
000000000000000000000000000000000000000000000000000000000000000000000000000000000000000000000000
000000000000000000000000000000000000000000000000000000000000000000000000000000000000000000000000
