000000000000000000000000000000000000000000000000000000010000000000000000000000000000000000000000
000000000000000000000000000000000000000010000000000000010000000000000000000000000000000000000000
000000000000000000000000000000000000000110000000000000010000000000000000000000000000000000000000
000000000000000000000001000000000000000110000000000000010000000000000000000000000000000000000000
000000000000000000000011000000000000000110000000000000000000000000000000000000000000000000000000
000000000010000000000011000000000000000100000000000000000000000000000000000000000000000000000000
000000000110000000000011000000000000000000000000000000000000000000000000000000000000000000000000
001000000110000000000010000000000000000000000000000000000000000000000000000000000000000000000000
001000001110000000000000000000000000000000000000000000000000000000000000000000000000000000000000
011000001100000000000000000000000000000000000000000000000000000000000000000000000000000000000000
011000011000000000000000000000000000000000000000000000000000000000000000000000000000000000000000
010000111000000000000000000000000000000000000000000000000000000000000000000000000000000000000000
010000110000000001000000000000000000000000000000000000000000000000000000000000000000000000000000
000000110000000011000000000000000000000000000000000000000000000000000000000000000000000000000000
000000100000000011000000000000000100000000000000000000000000000000000000000000000000000000000000
000000000000000011000000000000001100000000000000000000000000000000000000000000000000000000000000
000000000000000010000000000000101100000000000000000000000000000000000000000000000000000000000000
000000000000000010000000000000101000000000000010000000000000000000000000000000000000000000000000
000000000000000000000000000000101000000000000011000000000000000000000000000000000000000000000000
000000000000000000000000000001101000000000000011000000000000010000000000000000000000000000000000
000000000000001100000000000001100000000000000011000000000000010010000000000000000000000000000000
000000000000001100000000000011000000000000000001000000000000010010000000000000100000000000000000
000000000000011000000000000011000000000000000000000000000000110000000000000001100000000000000000
000010000000011000000000000010000000000000000000000000000001100000000000000001100000000000000000
000010000000111000000000000000000000000000000000000000000001100000000000000011000000000000000000
000110000000110000000000000000000000000000000000000000000011000000000000000011000000000000000000
000110000001100000000000000000000000000000000000000000000011000000000000000110000000000000000000
000100000011100000000000000000000000000000000000000000000010000000000000000110000000000100000000
001100000011000000000000000000000000000000000000000000000000000000000000000110000000000110000000
001100000110000000000000000000000000000000000000000000000000000000000000000010000000000110000100
001000001110000000000000000000000000000000000000000000000000000000000000000000000000000111000100
