000000000000000000000000000000000000000000000000000000000000000000000000000000000000000000000000
000000000000000000000000000000000000000000000000000000000000000000000000000000000000000000000000
000000000000000000100100100100100010010010010010000000000000000000000000000000000000000000000000
000000000000000000100100100100100010010010010010010010010010010000000000000000000000000000000000
000000000000000000000000000000000010010010010010010010010010010000100100100100100000000000000000
000000000000000000000000000000000000000000000000010010010010010000100100100100110101010100000000
000000000000000000000000000000000000000000000000000000000000000000100100100100110101010101111100
000000000000000000000000000000000000000000000000000000000000000000000000000000010101010101111100
000000000000000000000000000000000000000000000000000000000000000000000000000000000000000001111100
000000000000000000000000000000000000000000000000000000000000000000000000000000000000000000000000
000000000000000000000000000000000000000000000000000000000000000000000000000000000000000001111100
000000000000000000000000000000000000000000000000000000000000000000000000000000011111111110000000
000000000000000000000000000000000000000000000000000000000000000010110110110110111111111110000000
000000000000000000000000000000000000000000000000110110110110110010110110110110100000000000000000
000000000000000000000000000000001101101101101100110110110110110000000000000000000000000000000000
000000000000000010110110110110101101101101101100000000000000000000000000000000000000000000000000
000000010101010111111111111111100000000000000000000000000000000000000000000000000000000000000000
011111010101010111111111111111100000000000000000000000000000000000000000000000000000000000000000
111111010101010111111111111111100000000000000000000000000000000000000000000000000000000000000000
111111111111111111111111111111100000000000000000000000000000000000000000000000000000000000000000
111111111111111111111111111111100000000000000000000000000000000000000000000000000000000000000000
111111111111111111111111111111100000000000000000000000000000000000000000000000000000000000000000
111111111111111100000000000000000000000000000000000000000000000000000000000000000000000000000000
111111000000000000000000000000000000000000000000000000000000000000000000000000000000000000000000
100000000000000000000000000000000000000000000000000000000000000000000000000000000000000000000000
100000000000000000000000000000000000000000000000000000000000000000000000000000000000000000000000
100000000000000000000000000000000000000000000000000000000000000000000000000000000000000000000000
111111111111111111111111111111101111111111111111111111111111110011111111111111111111111111111100
111111111111111111111111111111101111111111111111111111111111110011111111111111111111111111111100
100000000000000000000000000000000000000000000000000000000000000000000000000000000000000000000000
100000000000000000000000000000000000000000000000000000000000000000000000000000000000000000000000
111111111111111111111111111111101111111111111111111111111111110011111111111111111111111111111100
111111111111111111111111111111101111111111111111111111111111110011111111111111111111111111111100
011111111111111111111111111111101111111111111111111111111111110011111111111111111111111111111100
011111010101010111111111111111101111111111111111111111111111110011111111111111111111111111111100
011111010101010100100100100100101111111111111111111111111111110011111111111111111111111111111100
011111010101010100100100100100101011011011011011111111111111110011111111111111111111111111111100
011111010101010100100100100100101011011011011010110110110110110011111111111111111111111111111100
011111010101010100100100100100101011011011011010110110110110110000100100100100111111111111111100
011111010101010100100100100100101011011011011010110110110110110000100100100100110101010101111100
011111010101010100100100100100101011011011011010110110110110110000100100100100110101010101111100
000000010101010100100100100100101011011011011010110110110110110000100100100100110101010101111100
000000000000000000100100100100101011011011011010110110110110110000100100100100110101010101111100
000000000000000000000000000000001011011011011010110110110110110000100100100100110101010101111100
000000000000000000000000000000000000000000000000110110110110110000100100100100110101010101111100
000000000000000000000000000000000000000000000000000000000000000000100100100100110101010101111100
000000000000000000000000000000000000000000000000000000000000000000000000000000010101010101111100
000000000000000000000000000000000000000000000000000000000000000000000000000000000000000001111100
000000000000000000000000000000000000000000000000000000000000000000000000000000000000000001111100
011111010101010100100100100100101011011011011010110110110110110000100100100100110101010101111100
011111010101010100100100100100101011011011011010110110110110110000100100100100110101010101111100
011111010101010100100100100100101011011011011010110110110110110000100100100100110101010101111100
011111010101010100100100100100101011011011011010110110110110110000100100100100110101010100000000
011111010101010100100100100100101011011011011010110110110110110000100100100100100000000000000000
011111010101010100100100100100101011011011011010110110110110110000100100100100100000000000000000
011111010101010100100100100100101011011011011010110110110110110000000000000000000000000000000000
011111010101010100100100100100101011011011011010000000000000000000000000000000000000000000000000
011111010101010100100100100100100000000000000000000000000000000000000000000000000000000000000000
011111010101010100000000000000000000000000000000000000000000000000000000000000000000000000000000
011111000000000000000000000000000000000000000000000000000000000000000000000000000000000000000000
000000000000000000000000000000000000000000000000000000000000000000000000000000000000000000000000
000000000000000000000000000000000000000000000000000000000000000000000000000000000000000000000000
100000000000000000000000000000000000000000000000000000000000000000000000000000000000000000000000
100000000000000000000000000000000000000000000000000000000000000000000000000000000000000000000000
100000000000000000000000000000000000000000000000000000000000000000000000000000000000000000000000
100000000000000000000000000000000000000000000000000000000000000000000000000000000000000000000000
100000000000000000000000000000000000000000000000000000000000000000000000000000000000000000000000
100000000000000000000000000000000000000000000000000000000000000000000000000000000000000000000000
100000000000000000000000000000000000000000000000000000000000000000000000000000000000000000000000
100000000000000000000000000000000000000000000000000000000000000000000000000000000000000000000000
100000000000000000000000000000000000000000000000000000000000000000000000000000000000000000000000
100000000000000000000000000000000000000000000000000000000000000000000000000000000000000000000000
111111111111111111111111111111101111111111111111111111111111110011111111111111111111111111111100
111111111111111111111111111111101111111111111111111111111111110011111111111111111111111111111100
100000000000000000000000000000000000000000000000000000000000000000000000000000000000000000000000
100000000000000000000000000000000000000000000000000000000000000000000000000000000000000000000000
110000010000100000100000000000000000000000100000001000000000000000000000000100000010000100000100
100100100001000000000000100000000100000000000000000000001000000000100000000000000100001000100000
101000000100001000000100000000000000000000000100000001000000000000000000000000110000100001000000
110000010000100000100000000000000000000000100000001000000000000000000000000100000010000100000100
000000000000000000000000000000000000000000000000000000000000000000000000000000000000000000000000
111111111111111111111111111111101111111111111111111111111111110011111111111111111111111111111100
111111111111111111111111111111101111111111111111111111111111110011111111111111111111111111111100
111111111111111111111111111111101111111111111111111111111111110011111111111111111111111111111100
111111111111111111111111111111101111111111111111111111111111110011111111111111111111111111111100
100000000000000000000000000000000000000000000000000000000000000000000000000000000000000000000000
100000000000000000000000000000000000000000000000000000000000000000000000000000000000000000000000
100000000000000000000000000000000000000000000000000000000000000000000000000000000000000000000000
100000000000000000000000000000000000000000000000000000000000000000000000000000000000000000000000
100000000000000000000000000000000000000000000000000000000000000000000000000000000000000000000000
111111111111111111111111111111101111111111111111111111111111110011111111111111111111111111111100
000000000000000000000000000000000000000000000000000000000000000000000000000000000000000000000000
