000000000000000000000000000000000000000000000000000000000000000000000000000000000000000001111100
011111000000000000000000000000000000000000000000000000000000000000000000000000000000000000000000
000000000000000000000000000000000000000000000000000000000000000000000000000000000000000001111100
011111000000000000000000000000000000000000000000000000000000000000000000000000000000000000000000
011111000000000000000000000000000000000000000000000000000000000000000000000000000000000000000000
011111000000000000000000000000000000000000000000000000000000000000000000000000000000000000000000
000000000000000001001001001001000000000000000000000000000000000000000000000000000000000000000000
000000000000000001001001001001001001001001001000000000000000000000000000000000000000000000000000
000000000000000001000001001001001001001001001000000000000000000000000000000000000000000000000000
000000000000000000000001001001001001001001001000000000000000000000000000000000000000000000000000
000000000000000000000001001000001001001001001000000000000000000000000000000000000000000000000000
000000000000000000000001000000001001001001001000000000000000000000000000000000000000000000000000
000000000000000000000000000000001001001001001000000000000000000000000000000000000000000000000000
000000000000000000000000000000000001001001001000000000000000000000000000000000000000000000000000
000000000000000000000000000000000000001001001000000000000000000000000000000000000000000000000000
000000000000000000000000000000000000000001001000000000000000000000000000000000000000000000000000
000000000000000000000000000000000000000000001000000000000000000000000000000000000000000000000000
000000000000000000000000000000000000000000000000000000000000000000000000000000000000000000000000
000000000000000000000000000000000000000000000000000000000000000000000000000000000000000000001000
000000000000000000000000000000000000000000000000000000000000000000000000000000000000010000001000
000000000000000000000000000000000000000000000000000000000000000000000000100000000000010000001000
000000000000000000000000000000000000000100000000000000000000000000000000100000000000010000001000
000000000010000000000000000000000000000100000000000000000000000000000000100000000000010000001000
100000000010000000000000000000000000000100000000000000000000000000000000100000000000010000001000
111111000010000000000000000000000000000100000000000000000000000000000000100000000000010000001000
000000111111111100000000000000000000000100000000000000000000000000000000100000000000010000001000
000000000000000011111111111111100000000100000000000000000000000000000000100000000000010000001000
000000000000000000000000000000001111111111111111000000000000000000000000100000000000111000001000
000000000000000000000000000000000000000000000001111111111111110000000000100000011111111111111100
000000000000000000000000000000000000000000000000000000000000000011111111111111110000111111011100
000000000000000000000000000000000000000000000000000000000000000000000000000000011111111110001000
000000000000000000000000000000000000000000000000000000000000000000000000000000000000000001111100
000000000000000000000000000000000000000000000000000000000000000000000000000000000000000001111100
000000000000000000000000000000000000000000000000000000000000000000000000000000000000000001111100
000000000000000110000000000001001000000000000010000000000000000000000000000000000000000001111100
000001100000001001000000000010000100000000000101100000000000010000000000000000000000000000000000
110010010000010000100000000100000010000000001000010000000000100011100000000000100000000000000000
001100001000100000010000001000000001000000010000001000000001000000010000000001011100000000000000
000000000111000000001000010000000000100000100000000100000010000000001000000010000010000011100000
000000000000000000000111100000000000010001000000000010000100000000000100000100000001000100010100
000000000000000000000000000000000000001110000000000001001000000000000010001000000000101000001000
000000000000000110000000000001001000000000000010000000110000110010000001010001010000010000000000
000001100000001001000000000010000100000000001111100000000001010001000000000010001000000011000000
110010010000010000100000000111101010000000011000110000000010100011100000000100100100000100100100
011111011000111111010000001000000111000000110000011000000101000000010000001001011110001000011000
010011111111111111001000010000000110100001100000011100001010000000001000010010000011110011100000
111101010101000111111111111111101001010011000000100110010100000000111111100100000001000100010100
001110001010001000010011000001001111111111111111000011101000000001000010001000000111101000001000
000000000101110000001011000010000000011100000101111111111111110010000001010000001000110000110000
000000000001000000000001111100000000000011001000000000010000100011111111111111110000010001001000
000100000010100000000010001000000000000101110000000000011101000000000000010001011111111110001100
101010000100010000000100000100000000001000010000000000100110110010000000111111010000000101111100
010001001000001000001000000010000000010000001111000001000001000001000001000010001000011111000000
000000110000000101010000000111101011100000010100100010000010100000100010000101000100100110101100
010000101000011111101000001000100101100000100010011100000100010000010100001000110011001001011000
101011100100100101000100010000101110010001000001101010001000000010111100010000001011110000100000
110110010011001000100010100001000001001010000011110101010000000001010111100000000111000000000000
001000001011110000010001000010000000100100000100000011100000010010000001000000001000100000110000
000000000100000000001010111100000000011010001000000000010000110010000000100001110000010001001000
000000000000000000000000000000000000000001111111000000001001000001000000010011001000001011000100
000000000000000000000000000111101000000000010000100000000110000000100000001110000100000100100100
000000000000011110000000001000000100000000100000010000000110000000010000001010000010001100011000
011111100000100001000000010000000010000001000000001000001110000000001000011010000001110100000000
110100111111111100100000100000000001000010000000000100010000000000000111100000000000000000000000
001000001010000011111111111111100000100100000000000011100000000000000000000000000000000000000000
011111000100000000001010000000001111111111111110000000000000000000000000000000000000000000000000
000000111111111100000000000000000000000000000001111111111111110000000000000000000000000000000000
000000000000000011111111111111100000000000000000000000000000000011111111111111100000000000000000
000000000000000000000000000000001111111111111110000000000000000000000000000000011111111110001000
000000000000000000000000000000000000000000000001111111111111110000000000000000000000000001111100
000000000000000000000000000000000000000000000000000000000000000011111111111111100000000000000000
000000000000000000000000000000000000000000000000000000000000000000000000000000011111111110000000
000000000000000000000000000000000000000000000000000000000000000000000000000000000000000001111100
000000000000000000000000000000000000000000000000000000000000000000000000000000000000000000000000
000000000000000000000000000000000000000000000000000000000000000000000000000000000000000000000000
000000000000000000000000000000000000000000000000000000000000000000000000000000000000000000000000
000000000000000000000000000000000000000000000000000000000000000000000000000000000000000000000000
000000000000000000000000000000000000000000000000000000000000000000000000000000000000000000000000
000000000000000000000000000000000000000000000000000000000000000000000000000000000000000000000000
000000000000000000000000000000000000000000000000000000000000000000000000000000000000000000000000
000000000000000000000000000000000000000000000000000000000000000000000000000000000000000000000000
000000000000000000000000000000000000000000000000000000000000000000000000000000000000000000000000
