000000000001010000100001000010000000000100000100000000100000010010000001000000001000100000110000
000110010010001001010010000001000011001000000011000001000000000001000010000000000111000000000000
111001101100000110001100000000101100110000000000111110000000000000111100000000000000000000000000
111001101100000110001100000000101100110000000000111110000000000000111100000000000000000000000000
000110010010001001010010000001000011001000000011000001000000000001000010000000000111000000000000
000000000001110000100001000010000000000100000100000000100000010010000001000000001000100000110000
000000010000000001010000111100000011000010001000000000010000100000000000100000110000010001001000
010000101000000010001000000000000100100001110000011100001001000000000000010001000000001010000100
101001000100000100000100000000101000010000000000100010000110000000111100001010000000000100000000
000110000010001000000010000001000000001000000011000001000000000001000010000100000111000000000000
000000000001110000000001000010000000000100000100000000100110010010000001001010001000100100110000
000000000000000000000000111100000000000011111000000000011001100000000000110001110000011011001100
000000000000000000000000111100000000000011111000000000011001100000000000110001110000011011001100
000000000001110000000001000010000000000100000100000000100110010010000001001010001000100100110000
000110000010001000000010000001000000001000000011000001000000000001000010000100000111000000000000
101001000100000100000100000000101000010000000000100010000110000000111100001010000000000100000000
010000101000000010001000000000000100100001110000011100001001000000000000010001000000001010000100
000000010000000001010000111100000011000010001000000000010000100000000000100000110000010001001000
