000001000000000110000001000001001000011110000011000000010000000000000000000000000000000000000000
000001000000000110000000100001001000001111000011000000001000000000000000000000000000000000000000
000001000000000110000000010001001000000111100011000000000100000000000000000000000000000000000000
000001000000000110000000001001001000000011110011000000000010000000000000000000000000000000000000
000001000000000110000000000101001000000001111011000000000001000000000000000000000000000000000000
000001000000000110000000000011001000000000111111000000000000100000000000000000000000000000000000
000001000000000110000000000001001000000000011111000000000000010000000000000000000000000000000000
100001000000000110000000000001001000000000001111000000000000000000000000000000000000000000000000
000001000000000110000000000001001000000000000111000000000000000000000000000000000000000000000000
100001000000000110000000000001001000000000000011000000000000000000000000000000000000000000000000
000001000000000100000000000000101000000000000011000000000000000000000000000000000000000000000000
100001000000000100000000000000100000000000000001000000000000000000000000000000000000000000000000
000001000000000110000000000001100000000000000001000000000000000000000000000000000000000000000000
100001000000000110000000000001001000000000000011000000000000000000000000000000000000000000000000
000001000000000110000000000001001100000000000111000000000000000000000000000000000000000000000000
000001000000000110000000000001001000000000000011001000000000100000000000000000000000000000000000
000001000000000111000000000011001000000000000011000100000001000000000000000000000000000000000000
000001010000010110000000000001001000000000000011000000000000000000000100000010000000000000000000
000001001000100110000000000001001100000000000111000000000000000000000010000000000000000100000000
001001000000100110000000000001001100000000001011000000000000000000000000000000000001001000000000
100101000000000110000000000001001010000000010011000000000000000000000000000000000000101000000000
100001000000000100000001000000101000000000000011001000000010000000000000000000000000000000010100
100001000000000100000001000000101000000000000011001000000010000000000000000000000000000000010100
100001000000000100000001000000101000000000000011001000000010000000000000000000000000000000010100
100001000000000100000001000000101000000000000011001000000010000000000000000000000000000000010100
100001000000000100000001000000101000000000000011001000000010000000000000000000000000000000010100
100001000000000100000001000000101000000000000011001000000010000000000000000000000000000000010100
000000000000000000000000000000000000000000000000000000000000000000000000000000000000000000000000
