100000000000000000100100100100100000000000000000000000000000000000100100100100100000000000000000
100000000000000000000000000000001111111111111111111111111111110000000000000000000000000000000000
100000000000000000100100100100100000000000000000000000000000000000100100100100100000000000000000
100000000000000000000000000000001111111111111111111111111111110000000000000000000000000000000000
111111000000000000000000000000000000000000000000000000000000000000000000000000000000000001111100
100000000000000000100100100100100000000000000000000000000000000000100100100100100000000000000000
111111000000000000000000000000000000000000000000000000000000000000100000000000000000000001111100
100000000000000000100100100100100000000000000000000000000000000000100100100100100000000000000000
111111000000000000000000000000000000000000000000000000000000000000000000000000000000000001111100
100000000000000000100100100100100000000000000000000000000000000000100100100100100000000000000000
000000000000000000000000000000001111111111111111111111111111110000000000000000000000000000000000
111111000000000000000000000000001111111111111111111111111111110000000000000000000000000001111100
111111000000000000000000000000000000000000000000000000000000000000000000000000000000000001111100
111111010101010111111111111111101011011011011010110110110110110011111111111111110101010101111100
111111000000000000000000000000001111111111111111111111111111110000000000000000000000000001111100
