000000011000000001000000000000000000000000000100000000000000000000000000000000000000000000000000
000000010000000001000000000000000100000000000100000000000000000000000000000000000000000000000000
000000000000000001000000000000001100000000000100000000000000000000000000000000000000000000000000
000000000000000000000000000000001100000000000110000000000000000000000000000000000000000000000000
000010000000000000000000000000001000000000000110000000000000000000000000000000000000000000000000
000010000000000000000000000000001000000000001110000000000000000000000000000000000000000000000000
000010000000000000000000000100000000000000001110000000000000000000000000000000000000000000000000
000010000000010000000000000100000000000000001100000000000000000000000000000000000000000000000000
000010000000010000000000000100000000000000001000000000000000000000000000000000001000000000000000
100010000000010000000000000100000000000000001000000000000000000000000000000000001000000000000000
110010000000010000000000000100000000000000000000000000000000000000000000000000001000000000000000
110010100000010000000000000000000000000000000000000000000000000000000000000000001000000000000000
110010100000000010000000000000000000000000000000000000000000000000000000000000001000000000000000
110000100000000010000000000000001000000000000000000000000000000000000000000000001000000000000000
010000100000000010000000000000001000000000000000100000000000000000000000000000001000000000000000
000000100000000010000000000000001000000000000000100000000000000001000000000000001000000000000000
000000000000000010010000000000001000000000000000100000000000000001000000000000001000000000000000
000000000000000010010000000000001000000000000000100000000000000001000000000000001000000001000000
000000000000000000010000000000001000000000000000100000000000000001000000000000001000000001000100
000000000000000000010000000000000000000000000000100000000000000001000000000000001000001001000100
000000000000000000010000000000000000000000000000000000000000000001000000010000001000001001000100
000000000000000000010000000000000000000000000000000000010000000000000000010000001000001001000100
000000000000000000010000000000000000000100000000000000010000000000000000010000000000001001000100
000000000000000000010010000000000000000100000000000000010000000000000000010000000000001000000100
000000000000000000010110000000000000000100000000000000010000000000000000010000000000001000000000
000000000000000000011110000000000000000100000000000000010000000000000000010000000000000000000000
000000000000000000011110000000000000000100000000000000010000000000000000010000000000000000000000
