000000000000000000000000000001101111111111111100000000000000000000000000000000000000000000000000
000000000000000000000000000011001111111111111010000000000000000000000000000000000000000000000000
000000000000000000000000000110001111111111110110000000000000000000000000000000000000000000000000
000000000000000000000000001100001111111111101110000000000000000000000000000000000000000000000000
000000000000000000000000110000001111111110111110000000000000000000000000000000000000000000000000
000000000000000000000001100000001111111101111110000000000000000000000000000000000000000000000000
000000000000000000000011000000001111111011111110000000000000000000000000000000000000000000000000
000000000000000000000110000000001111110111111110000000000000000000000000000000000000000000000000
000000000000000000001100000000001111101111111110000000000000000000000000000000000000000000000000
000000000000000000011000000000001111011111111110000000000000000000000000000000000000000000000000
000000000000000000110000000000001110111111111110000000000000000000000000000000000000000000000000
000000000000000001100000000000001101111111111110000000000000000000000000000000000000000000000000
000000000000000011000000000000001011111111111110000000000000000000000000000000000000000000000000
000000000000000010000000000000100111111111111110000000000000000000000000000000000000000000000000
