100000000000000000000000000000000000000000000000000000000000000000000000000000000000000001111100
111111000000000000000000000000000000000000000000000000000000000000000000000000001010101011111100
011111101010101000000000000000000000000000000000000000000000000000000000000000011111111110000000
000000111111111100000000000000000000000000000000000000000000000011011011011011010101010100000000
000000010101010111011011011011000000000000000000000000000000000011111111111111100000000000000000
000000000000000011111111111111100000000000000001001001001001000000100100100100100000000000000000
000000000000000011111111111111100000000000000001111111111111110000000000000000000000000000000000
000000000000000000000000000000000000000000000001111111111111110000000000000000000000000000000000
000000000000000011011011011011000000000000000000000000000000000000000000000000000000000000000000
000000000000000000000000000000000000000000000000110110110110110000000000000000000000000000000000
000000000000000011111111111111100000000000000000000000000000000000000000000000000000000000000000
000000000000000011111111111111100000000000000001111111111111110000000000000000000000000000000000
100000101010101011111111111111100000000000000000000000000000000000000000000000000000000000000000
000000000000000000000000000000000000000000000001111111111111110001010010101010100000000001111100
000000000000000000000000011100000000000000001001000000000000110000000000000000000000000000000000
000000000000000000000000110000000000000000000001100000000000000000000000000000000000000000000000
000000000000000000000001100000000000000000000000110000000000000000000000000000000000000000000000
000000000000000000000011000000000000000000000000011000000000000000000000000000000000000000000000
000000000000000000000110000000000000000000000000001100000000000000000000000000000000000000000000
000000000000000000001100000000000000000000000000000110000000000000000000000000000000000000000000
000000000000000000011000000000000000000000000000000011000000000000000000000000000000000000000000
000000000000000000110000000000000000000000000000000001100000000000000000000000000000000000000000
000000000000000001100000000000000000000000000000000000110000000000000000000000000000000000000000
000000000000000001100000000000000000000000000000000000011000000000000000000000000000000000000000
000000000000000011000000000000000000000000000000000000011000000000000000000000000000000000000000
000000000000000010000000000000100000000000000000000000001100000000000000000000000000000000000000
000000000000000000000000000001100000000000000000000000000110000000000000000000000000000000000000
000000000000000000000000000011000000000000000000000000000011000000000000000000000000000000000000
000000000000000000000000000100000000000000011000000000000001000000000000000000000000000000000000
000000000000000000000000000000000000000000111100000000000000000000000000000000000000000000000000
000000000000000000000000000000000000000001111110000000000000000000000000000000000000000000000000
000000000000000000000000000000001000000011111110000000000000000000000000000000000000000000000000
000000000000000000000000000000001100000111100110000000000000000000000000000000000000000000000000
000000000000000000000000000000001110001111000010000000000000000000000000000000000000000000000000
000000000000000000000000000000001111111110000000000000000000000000000000000000000000000000000000
000000000000000000000000000000000111111100000000000000000000000000000000000000000000000000000000
000000000000000000000000000000000011111000000000000000000000000000000000000000000000000000000000
000000000000000000000000000000000001110000000000000000000000000000000000000000000000000000000000
000000000000000000000000000000000000100000000000000000000000000000000000000000000000000000000000
000000000000000000000000000000000000000000000000000000000000000000000000000000000000000000000000
000000000000000000000000000000001111111111111110000000000000000000000000000000000000000000000000
000000000000000000000000000000001111111111111111111111111111110000000000000000000000000000000000
000000000000000011111111111111101111111111111111111111111111110000000000000000000000000000000000
000000000000000011111111111111101111111111111111111111111111110011111110111111100000000000000000
000000111111111111111111111111101111111111111111111111111111110011111110111111100000000000000000
111111000000000000000000000000000000000000000000000000000000000000000000000000001010101011111100
000000010101010100000000000000000100100100100100000000000000000000000000000000000000000000000000
111111000000000000000000000000000000000000000000000000000000000000000000000000001010101011111100
000000111111111111111111111111101111111111111111111111111111110011111110111111100000000000000000
111111000000000000000000000000000000000000000000000000000000000000000000000000001010101011111100
000000111111111111111111111111101111111111111111111111111111110011111110111111100000000000000000
111111000000000000000000000000000000000000000000000000000000000000000000000000001010101011111100
000000000000000000000000000000000000000000000000000000000000000011011011011011001010101010000000
000000000000000000000000000000000000000000000000110110110110110011011011011011000000000000000000
000000000000000000000000000000000100100100100100110110110110110000000000000000000000000000000000
000000000000000011011011011011000100100100100100000000000000000000000000000000000000000000000000
000000010101010111011011011011000000000000000000000000000000000000000000000000000000000000000000
011111101010101000000000000000000000000000000000000000000000000000000000000000000000000000000000
111111000000000000000000000000000000000000000000000000000000000000000000000000000000000000000000
000000000000000000000000000000000000000000000000000000000000000000000000000000000000000000000000
100000000000000000000000000000000000000000000000000000000000000000000000000000000000000000000000
100010001000000000000000000000000000000000000000000000000000000000000000000000000000000000000000
100010001000000000000000000100000000100000000000000000000000000000000000000000000000000000000000
100010001000000000000000000100000000100000000000000000000001000000000100000000000000000000000000
100010001000000000000000000100000000100000000000000000000001000000000100000000000000000010010000
100010001000000000000000000100000000100000000000000000000001000000000100000000000000000010010000
000011001100000000000000000110000000110000000000000000000001100000000110000000010000000010011000
010001000110000000000000000011000000011000000000000000000000110000000011000000011000000000001100
011000000011000000000000000001100000001100000001000000000000010000000001100000001100000001000100
001100000001100010000000000000100000000110000001100000000000000000000000110000000110000001100000
000110000000110011000000000000000000000011000000110000000000000000000000011000000011000000110000
000011000000011001100000000000000000000001100000011000000000000000000000001100000001100000011000
010001000000001100110000000000000000000000110000001100000000000000000000000110000000110000001100
011000100000000100011000000000000000000000011000000110000000000000000000000011000000011001000100
001100110000000000001100000000000000000000001100000011000000000000000000000001100000001101100000
000110011000000000000110000000000000000000000110000001100000000010000000000000100000000110110000
000011001100000000000011000000001000000000000010000000110000000011000000000000010000000010011000
010001000110000000000001100000001100000000000000000000011000000001100000000000011000000000001100
011000000011000000000000110000000110000000000000000000001100000000110000000000001100000001000100
001100000001100000000000011000000011000000000000000000000110000000011000000000000110000001100000
000110000000110000000000001100000001100000000000000000000011000000001100000000000011000000110000
000011000000011000000000000110000000110000000000000000000001100000000110000000000001100000011000
010001000000001100000000000011000000011000000000000000000000110000000011000000000000110000001100
011000100000000100000000000001100000001100000001000000000000010000000001100000000000011001000100
001100110000000010000000000000100000000110000001100000000000000000000000110000000000001101100000
000110011000000011000000000000000000000011000000110000000000000000000000011000000000000110110000
000011001100000001100000000000000000000001100000011000000000000000000000001100010000000010011000
010001000110000000110000000000000000000000110000001100000000000000000000000110011000000000001100
011000000011000000011000000000000000000000011000000110000000000000000000000011001100000001000100
001100000001100000001100000000000000000000001100000011000000000000000000000001100110000001100000
