000000000000011110000000000000000000000000000000000000000000000000000000000000000000000000000000
000000000000011100000000001000000000000000000000000000000000000000000000000000000000000000000000
000000000000011000000000001000000000000000100000000000000000000000000000000000000000000000000000
000000000000010000000000001000000000000000100000000000000100000000000000000000000000000000000000
000000000000000000000000001000000000000000100000000000000100000000000000001000000000000000000000
000000000000000000000000000000000000000000100000000000000100000000000000001000000000001000000000
101001000100000100000100000000101000010000000000100010000000000000111100000000000000000000000000
000110000010001000000010000001000000001000000011000001000000000001000010000000000111000000000000
110100010001000000100000100000000001000010000000000100010000000000000111100000000000000000000000
000011100000100001000000010000000010000001000000001000001000000000001000010000000001110000000000
101010000100010000000100000100000000001000010000000000100010000000000000111100000000000000000000
010001001000001000001000000010000000010000001000000001000001000000000001000010000000011100000000
100101000001000100000000100000100000000001000010000000000100010000000000000111100000000000000000
011000100010000010000001000000001000000010000001000000001000000010000000001000010000000110000000
110010010000010000100000000100000010000000001000010000000000100011100000000000100000000000000000
001100001000100000010000001000000001000000010000001000000001000000010000000001011100000000000000
000000000000000000000000000000000000000000000000000000000100000000000000001000000000001000001000
000000000000000000000000000000000000000000000000000000000000000000000000001000000000001000011000
000000000000000000000000000000000000000000000000000000000000000000000000000000000010001000011000
000000000000000000000000000000000000000000000000000000000000000000010000000000000010000000011000
000000000000000000000000000000000000000000000000010000000000000000010000000000000010000000010000
000000000000000000000000000000000100000000000000010000000000000000010000000000000010000000000000
000000000000000010000000000000000100000000000000010000000000000000010000000000000000000000000000
000000000000000110000000000000000100000000000000010000000000000000000000000000000000000000000000
000000000000000000000000000000000000000000011110000000000000000000000000000000000000000000000000
000000000000000000000000000000000000000000111100000000000000000000000000000000000000000000000000
000000000000000000000000000000000000000001111000000000000000000000000000000000000000000000000000
000000000000000000000000000000000000000011110000000000000000000000000000000000000000000000000000
000000000000000000000000000000000000000111100000000000000000000000000000000000000000000000000000
000000000000000000000000000000000000001111000000000000000000000000000000000000000000000000000000
000000000000000000000000000000000000011110000000000000000000000000000000000000000000000000000000
000000000000000000000000000000000000111100000000000000000000000000000000000000000000000000000000
000000000000000000000000000000000001111000000000000000000000000000000000000000000000000000000000
000000000000000000000000000000000011110000000000000000000000000000000000000000000000000000000000
000000000000000000000000000000000111100000000000000000000000000000000000000000000000000000000000
000000000000000000000000000000001111000000000000000000000000000000000000000000000000000000000000
000000000000000000000000000000001110000000000010000000000000000000000000000000000000000000000000
000000000000000000000000000000001100000000000110000000000000000000000000000000000000000000000000
000000000000011110000000000000001000000000001110000000000000000000000000000000000000000000000000
000000000000011100000000001000000000000000000000000000000000000000000000000000000000000000000000
000000000000011000000000001000000000000000100000000000000000000000000000000000000000000000000000
000000000000010000000000001000000000000000100000000000000100000000000000000000000000000000000000
000000000000000000000000001000000000000000100000000000000100000000000000001000000000000000000000
000000000000000000000000000000000000000000100000000000000100000000000000001000000000001000000000
000000000000000000000000000000000000000000000000000000000100000000000000001000000000001000001000
000000000000000000000000000000000000000000000000000000000000000000000000001000000000001000011000
000000000000000000000000000000000000000000000000000000000000000000000000000000000010001000011000
000000000000000000000000000000000000000000000000000000000000000000010000000000000010000000011000
000000000000000000000000000000000000000000000000010000000000000000010000000000000010000000010000
000000000000000000000000000000000100000000000000010000000000000000010000000000000010000000000000
000000000000000010000000000000000100000000000000010000000000000000010000000000000000000000000000
000000000000000110000000000000000100000000000000010000000000000000000000000000000000000000000000
000000000000001110000000000000000100000000000000000000000000000000000000000000000000000000000000
000000000000001110000000000000000100000000000000000000000000000000000000000000000000000000000000
