000000000000000000000000000000000000000000011110000000000000000000000000000000000000000000000000
000000000000000000000000000000000000000000111100000000000000000000000000000000000000000000000000
000000000000000000000000000000000000000001111000000000000000000000000000000000000000000000000000
000000000000000000000000000000000000000011110000000000000000000000000000000000000000000000000000
000000000000000000000000000000000000000111100000000000000000000000000000000000000000000000000000
000000000000000000000000000000000000001111000000000000000000000000000000000000000000000000000000
000000000000000000000000000000000000011110000000000000000000000000000000000000000000000000000000
000000000000000000000000000000000000111100000000000000000000000000000000000000000000000000000000
000000000000000000000000000000000001111000000000000000000000000000000000000000000000000000000000
000000000000000000000000000000000011110000000000000000000000000000000000000000000000000000000000
000000000000000000000000000000000111100000000000000000000000000000000000000000000000000000000000
000000000000000000000000000000001111000000000000000000000000000000000000000000000000000000000000
000000000000000000000000000000001110000000000010000000000000000000000000000000000000000000000000
000000000000000000000000000000001100000000000110000000000000000000000000000000000000000000000000
000000000000011110000000000000001000000000001110000000000000000000000000000000000000000000000000
000000000000011100000000001000000000000000000000000000000000000000000000000000000000000000000000
000000000000011000000000001000000000000000100000000000000000000000000000000000000000000000000000
000000000000010000000000001000000000000000100000000000000100000000000000000000000000000000000000
000000000000000000000000001000000000000000100000000000000100000000000000001000000000000000000000
000000000000000000000000000000000000000000100000000000000100000000000000001000000000001000000000
000000000000000000000000000000000000000000000000000000000100000000000000001000000000001000001000
000000000000000000000000000000000000000000000000000000000000000000000000001000000000001000011000
000000000000000000000000000000000000000000000000000000000000000000000000000000000010001000011000
000000000000000000000000000000000000000000000000000000000000000000010000000000000010000000011000
000000000000000000000000000000000000000000000000010000000000000000010000000000000010000000010000
000000000000000000000000000000000100000000000000010000000000000000010000000000000010000000000000
000000000000000010000000000000000100000000000000010000000000000000010000000000000000000000000000
000000000000000110000000000000000100000000000000010000000000000000000000000000000000000000000000
000000000000001110000000000000000100000000000000000000000000000000000000000000000000000000000000
