000000000000000000000000000000000000000000011110000000000000000000000000000000000000000000000000
000000000000000000000000000000000000000000111100000000000000000000000000000000000000000000000000
000000000000000000000000000000000000000001111000000000000000000000000000000000000000000000000000
000000000000000000000000000000000000000011110000000000000000000000000000000000000000000000000000
000000000000000000000000000000000000000111100000000000000000000000000000000000000000000000000000
000000000000000000000000000000000000001111000000000000000000000000000000000000000000000000000000
000000000000000000000000000000000000011110000000000000000000000000000000000000000000000000000000
000000000000000000000000000000000000111100000000000000000000000000000000000000000000000000000000
000000000000000000000000000000000001111000000000000000000000000000000000000000000000000000000000
000000000000000000000000000000000011110000000000000000000000000000000000000000000000000000000000
000000000000000000000000000000000111100000000000000000000000000000000000000000000000000000000000
000000000000000000000000000000001111000000000000000000000000000000000000000000000000000000000000
000000000000000000000000000000001110000000000010000000000000000000000000000000000000000000000000
000000000000000000000000000000001100000000000110000000000000000000000000000000000000000000000000
000000000000000000000000000000001000000000001110000000000000000000000000000000000000000000000000
000000000000000000000000000000000000000000011110000000000000000000000000000000000000000000000000
000000000000000000000000000000000000000000111100000000000000000000000000000000000000000000000000
000000000000000000000000000000000000000001111000000000000000000000000000000000000000000000000000
000000000000000000000000000000000000000011110000000000000000000000000000000000000000000000000000
000000000000000000000000000000000000000111100000000000000000000000000000000000000000000000000000
000000000000000000000000000000000000001111000000000000000000000000000000000000000000000000000000
000000000000000000000000000000000000011110000000000000000000000000000000000000000000000000000000
000000000000000000000000000000000000111100000000000000000000000000000000000000000000000000000000
000000000000000000000000000000000001111000000000000000000000000000000000000000000000000000000000
000000000000011110000000000000000011110000000000000000000000000000000000000000000000000000000000
000000000000011100000000001000000111100000000000000000000000000000000000000000000000000000000000
000000000000011000000000001000001111000000100000000000000000000000000000000000000000000000000000
000000000000010000000000001000001110000000100010000000000100000000000000000000000000000000000000
000000000000000000000000001000001100000000100110000000000100000000000000001000000000000000000000
000000000000000000000000000000001000000000101110000000000100000000000000001000000000001000000000
000000000000000000000000000000000000000000011110000000000100000000000000001000000000001000001000
000000000000000000000000000000000000000000111100000000000000000000000000001000000000001000011000
000000000000000000000000000000000000000001111000000000000000000000000000000000000010001000011000
000000000000000000000000000000000000000011110000000000000000000000010000000000000010000000011000
000000000000000000000000000000000000000111100000010000000000000000010000000000000010000000010000
000000000000000000000000000000000100001111000000010000000000000000010000000000000010000000000000
000000000000000010000000000000000100011110000000010000000000000000010000000000000000000000000000
000000000000000110000000000000000100111100000000010000000000000000000000000000000000000000000000
000000000000001110000000000000000101111000000000000000000000000000000000000000000000000000000000
000000000000011110000000000000000011110000000000000000000000000000000000000000000000000000000000
000000000000011100000000001000000111100000000000000000000000000000000000000000000000000000000000
000000000000011000000000001000001111000000100000000000000000000000000000000000000000000000000000
000000000000010000000000001000001110000000100010000000000100000000000000000000000000000000000000
000000000000000000000000001000001100000000100110000000000100000000000000001000000000000000000000
000000000000000000000000000000001000000000101110000000000100000000000000001000000000001000000000
000000000000000000000000000000000000000000000000000000000100000000000000001000000000001000001000
000000000000000000000000000000000000000000000000000000000000000000000000001000000000001000011000
000000000000000000000000000000000000000000000000000000000000000000000000000000000010001000011000
000000000000000000000000000000000000000000000000000000000000000000010000000000000010000000011000
000000000000000000000000000000000000000000000000010000000000000000010000000000000010000000010000
000000000000000000000000000000000100000000000000010000000000000000010000000000000010000000000000
000000000000000010000000000000000100000000000000010000000000000000010000000000000000000000000000
000000000000000110000000000000000100000000000000010000000000000000000000000000000000000000000000
000000000000001110000000000000000100000000000000000000000000000000000000000000000000000000000000
