000000000000000000000000000000000000000000000000000000000000000000000000000000000000000000000000
000000000000001000000000000000000000000000000000000000000000000000000000000000000000000000000000
100011000000010100000000000111100000000000000000000000000000000000000000000000000000000000000000
011100100000100010000000001000001000000000011110000000000000000000000000000000000000000000000000
000000011111000001000000010000000100000000100001100000000011110000000000000000000000000000000000
000000011111000001000000010000000100000000100001100000000011110000000000000000000000000000000000
000000000000000000111111100000000010000001000000010000000100000011100000000111100000000000000000
000000000000000000000000000000000001111110000000001000001000000000010000001000011100000110000000
000000000000000000000000000000000000000000000000000111110000000000001000010000000010001001100100
000000000000000000000000000000000000000000000000000000000000000000000111100000000001010000011000
000000000000000000000000000000000000000000000000000000000000000000000000000000000001100000010000
