000010000000000000000000000000000000000000000000000000000000000000000000000000000000000000000000
000010000000001000000000000000000000000000000000000000000000000000000000000000000000000000000000
000010000000001000000000000001000000000000000000000000000000000000000000000000000000000000000000
000010000000001000000000000001000000000000000010000000000000000000000000000000000000000000000000
000010000000001000000000000001000000000000000011000000000000000000000000000000000000000000000000
000010000000001000000000000001000000000000000011000000000000000001000000000000000000000000000000
000010000000001000000000000001000000000000000011000000000000000001000000000000000100000000000000
000010000000001000000000000001000000000000000011000000000000000001000000000000000110000000000000
000010000000001000000000000001000000000000000011000000000000000001000000000000000111000000000000
000010000000001000000000000001000000000000000011000000000000000001000010000000000111000000000000
000010000000001000000000000001000000000000000011000001000000000001000010000000000111000000000000
000010000000001000000000000001000000001000000011000001000000000001000010000000000111000000000000
000010000000001000000010000001000000001000000011000001000000000001000010000000000111000000000000
000010000010001000000010000001000000001000000011000001000000000001000010000000000111000000000000
000110000010001000000010000001000000001000000011000001000000000001000010000000000111000000000000
000100000010001000000010000001000000001000000011000001000000000001000010000000000111000000000000
000100000010000000000010000001000000001000000011000001000000000001000010000000000111000000000000
000100000010000000000010000000000000001000000011000001000000000001000010000000000111000000000000
000100000010000000000010000000000000001000000001000001000000000001000010000000000111000000000000
000100000010000000000010000000000000001000000000000001000000000001000010000000000111000000000000
000100000010000000000010000000000000001000000000000001000000000000000010000000000111000000000000
000100000010000000000010000000000000001000000000000001000000000000000010000000000011000000000000
000100000010000000000010000000000000001000000000000001000000000000000010000000000001000000000000
000100000010000000000010000000000000001000000000000001000000000000000010000000000000000000000000
000100000010000000000010000000000000001000000000000001000000000000000000000000000000000000000000
000100000010000000000010000000000000001000000000000000000000000000000000000000000000000000000000
000100000010000000000010000000000000000000000000000000000000000000000000000000000000000000000000
000100000010000000000000000000000000000000000000000000000000000000000000000000000000000000000000
000100000000000000000000000000000000000000000000000000000000000000000000000000000000000000000000
000010000000000000000000000000000000000000000000000000000000000000000000000000000000000000000000
000001000000000000000000000000000000000000000000000000000000000000000000000000000000000000000000
000001100000000000000000000000000000000000000000000000000000000000000000000000000000000000000000
000001100000000001000000000000000000000000000000000000000000000000000000000000000000000000000000
000001100000000001000000000000000010000000000000000000000000000000000000000000000000000000000000
000001100000000001000000000000000010000000000000001000000000000000000000000000000000000000000000
000001100000000001000000000000000010000000000000001000000000000000001000000000000000000000000000
000001100000000001000000000000000010000000000000001000000000000000001000000000000001000000000000
000001100000000001000000000000000010000000000000001000000000000000001000000000000001110000000000
000001100000000001000000000000000010000000000000001000000000000000001000010000000001110000000000
000001100000000001000000000000000010000001000000001000001000000000001000010000000001110000000000
000001100000000001000000010000000010000001000000001000001000000000001000010000000001110000000000
000001100000100001000000010000000010000001000000001000001000000000001000010000000001110000000000
000011100000100001000000010000000010000001000000001000001000000000001000010000000001110000000000
000010100000100001000000010000000010000001000000001000001000000000001000010000000001110000000000
000010000000100001000000010000000010000001000000001000001000000000001000010000000001110000000000
000010000000100000000000010000000010000001000000001000001000000000001000010000000001110000000000
000010000000100000000000010000000000000001000000001000001000000000001000010000000001110000000000
000010000000100000000000010000000000000001000000000000001000000000000000010000000001110000000000
000010000000100000000000010000000000000001000000000000001000000000000000010000000000110000000000
000010000000100000000000010000000000000001000000000000001000000000000000010000000000010000000000
000010000000100000000000010000000000000001000000000000001000000000000000010000000000000000000000
000010000000100000000000010000000000000001000000000000001000000000000000000000000000000000000000
000010000000100000000000010000000000000001000000000000000000000000000000000000000000000000000000
000010000000100000000000010000000000000000000000000000000000000000000000000000000000000000000000
000010000000100000000000000000000000000000000000000000000000000000000000000000000000000000000000
000010000000000000000000000000000000000000000000000000000000000000000000000000000000000000000000
000001000000000000000000000000000000000000000000000000000000000000000000000000000000000000000000
010000000000000000000000000000000000000000000000000000000000000000000000000000000000000000000000
010000001000000000000000000000000000000000000000000000000000000000000000000000000000000000000000
010000001000000000001000000000000000000000000000000000000000000000000000000000000000000000000000
010000001000000000001000000000000000010000000000000000000000000000000000000000000000000000000000
010000001000000000001000000000000000010000000000000001000000000000000000000000000000000000000000
010000001000000000001000000000000000010000000000000001000000000000000001000000000000000000000000
010000001000000000001000000000000000010000000000000001000000000000000001000000000000010000000000
010000001000000000001000000000000000010000000000000001000000000000000001000000000000011000000000
010000001000000000001000000000000000010000000000000001000000000000000001000010000000011100000000
010000001000000000001000000000000000010000000000000001000001000000000001000010000000011100000000
010000001000000000001000000000000000010000001000000001000001000000000001000010000000011100000000
010000001000000000001000000010000000010000001000000001000001000000000001000010000000011100000000
010000001000001000001000000010000000010000001000000001000001000000000001000010000000011100000000
010001001000001000001000000010000000010000001000000001000001000000000001000010000000011100000000
000001001000001000001000000010000000010000001000000001000001000000000001000010000000011100000000
000001000000001000001000000010000000010000001000000001000001000000000001000010000000011100000000
000001000000001000000000000010000000000000001000000001000001000000000001000010000000011100000000
000001000000001000000000000010000000000000001000000000000001000000000001000010000000011100000000
000001000000001000000000000010000000000000001000000000000001000000000000000010000000011100000000
000001000000001000000000000010000000000000001000000000000001000000000000000010000000001100000000
000001000000001000000000000010000000000000001000000000000001000000000000000010000000000100000000
000001000000001000000000000010000000000000001000000000000001000000000000000010000000000000000000
000001000000001000000000000010000000000000001000000000000001000000000000000000000000000000000000
000001000000001000000000000010000000000000001000000000000000000000000000000000000000000000000000
000001000000001000000000000010000000000000000000000000000000000000000000000000000000000000000000
000001000000001000000000000000000000000000000000000000000000000000000000000000000000000000000000
000001000000000000000000000000000000000000000000000000000000000000000000000000000000000000000000
010000000000000000000000000000000000000000000000000000000000000000000000000000000000000000000000
001000000000000000000000000000000000000000000000000000000000000000000000000000000000000000000000
001000000010000000000001000000000000000000000000000000000000000000000000000000000000000000000000
001000000010000000000001000000000000000010000000000000001000000000000000000000000000000000000000
001000000010000000000001000000000000000010000000000000001000000000000000001000000000000000000000
001000000010000000000001000000000000000010000000000000001000000000000000001000000000000100000000
001000000010000000000001000000000000000010000000000000001000000000000000001000000000000110000000
001000000010000000000001000000000000000010000000000000001000000000000000001000010000000110000000
