011111000000000000000000000000000000000000000000000000000000000000000000000000000000000000000000
011111101010101000000000000000000000000000000000000000000000000000000000000000000000000000000000
011111101010101001001001001001000000000000000000000000000000000000000000000000000000000000000000
011111101010101001001001001001000010010010010010000000000000000000000000000000000000000000000000
011111101010101001001001001001000010010010010011001001001001000000000000000000000000000000000000
011111101010101001001001001001000010010010010011001001001001000001001001001001000000000000000000
011111101010101001001001001001000010010010010011001001001001000001001001001001010101010100000000
011111101010101001001001001001000010010010010011001001001001000001001001001001011111111110000000
011111101010101001001001001001000010010010010011001001001001000001001001001001011111111110000000
011111101010101001001001001001000010010010010011001001001001000011011011011011011111111110000000
011111101010101001001001001001000010010010010011001001001001000011011011011011011111111110000000
011111101010101001001001001001001011011011011011001001001001000011011011011011011111111110000000
011111101010101011011011011011001011011011011011001001001001000011011011011011011111111110000000
011111101010101011011011011011001011011011011011001001001001000011011011011011011111111110000000
000000101010101011011011011011001011011011011011001001001001000011011011011011011111111110000000
000000000000000011011011011011001011011011011011001001001001000011011011011011011111111110000000
000000000000000010010010010010001011011011011011001001001001000011011011011011011111111110000000
000000000000000010010010010010001001001001001001001001001001000011011011011011011111111110000000
000000000000000010010010010010001001001001001000000000000000000011011011011011011111111110000000
000000000000000010010010010010001001001001001000000000000000000010010010010010011111111110000000
000000000000000010010010010010001001001001001000000000000000000010010010010010001010101010000000
000000000000000010010010010010001001001001001000000000000000000010010010010010000000000000000000
000000000000000010010010010010001001001001001000000000000000000010010010010010000000000000000000
000000000000000010010010010010001001001001001000000000000000000000000000000000000000000000000000
000000000000000010010010010010001001001001001000000000000000000000000000000000000000000000000000
000000000000000010010010010010000000000000000000000000000000000000000000000000000000000000000000
000000000000000000000000000000000000000000000000000000000000000000000000000000000000000000000000
000000000000000000000000000000000000000000000000000000000000000000000000000000000000000000000000
