000000000100001000011111000000000000011000000100000001000000000000000011000000010000100000000000
000000000100001000011111000000000000011000000100000001000000000000000011000000010000100000000000
000000000000000000000000000000000000000000000000000000000000000000000000000000000000000000000000
000000000100001000011111000000000000011000000100000001000000000000000011000000010000100000000000
000000000010000100001111100000000000001100000010000000100000000000000001100000001000010000000000
000000100001000000000111110000001000000110000000000000010000000000000000110000000100001000000000
000000010000100000000011111000000100000011000000000000001000000000000000011000000010000100000000
000000001000010000000001111100000010000001100000000000000100000000000000001100000001000010000000
000000000100001000000000111110000001000000110000000000000010000000000000000110010000100000000000
000000000010000100000000011111000000100000011000000000000001000000000000000011001000010000000000
000000100001000000000000001111100000010000001100000000000000100000000000000001100100001000000000
000000010000100010000000000111100000001000000110000000000000010010000000000000100010000100000000
000000001000010011000000000011101000000100000011000000000000000011000000000000000001000010000000
000000000100001011100000000001101100000010000000100000000000000001100000000000010000100000000000
000000000100001011110000000000100110000001000000010000000000000000110000000000010000100000000000
000000000100001011111000000000000011000000100000001000000000000000011000000000010000100000000000
000000000100001001111100000000000001100000010000000100000000000000001100000000010000100000000000
000000000100001000111110000000000000110000001000000010000000000000000110000000010000100000000000
000000000100001000011111000000000000011000000100000001000000000000000011000000010000100000000000
000000000000000000000000000000000000000000000000000000000000000000000000000000000000000000000000
000000000100001000011111000000000000011000000100000001000000000000000011000000010000100000000000
000000000100001000011111000000000000011000000100000001000000000000000011000000010000100000000000
000000000000000000000000000000000000011000000100000000000000000000000000000000000000000000000000
000000000000000000000010000001000000100000000000000000000000000000000000000000000000000000000000
000000000010000100000000000000000001000000000000000000000000000000000000000000000000000000000000
000100100000000000000000000000000010000000000000000000000000000000000000000000000000000000000000
000010010000000000000000000000000100000000000000000000000000000000000000000000000000000000000000
000000000000001000010000000000001000000000000000000000000000000000000000000000000000000000000000
000000000000000000000000000001000000100000000010000000000000000000000000000000000000000000000000
000000000000000000000000000000000000000000000110000010000000000000000000000000000000000000000000
000000000000000000000000000000000000000000001001000000000000000000000010000000000000000000000000
000000000000000000000000000000000000000000010000000000000000000001000000000000000000100000000000
000000000000000000000000000000000000000000100000000000000000000000000000000000000100000000001000
000000000000000000000000000000000000000001000000000000000000000000000000000000000010000000000100
000000000000000000000000000000000000000010000000000000000000000000000000000000000001000010000000
000000000000000000000000000000000000000100000000000000000000000000000010000001000000000000000000
000000000000000000000000000000000000001000000000000001000000100000000000000000000000000000000000
000000000000000000000000000000000000011000000100000000000000000000000000000000000000000000000000
000000000000000000000000000000000000011000000100000000000000000000000000000000000000000000000000
000000000100001000011111000000000000011000000100000001000000000000000011000000010000100000000000
