000000000000000000000000000000001111111111111110000000000000000000000000000000000000000000000000
000000000000000011111111111111100000000000000001111111111111110000000000000000000000000000000000
000000111111111100000000000000000000000000000000000000000000000011111111111111100000000000000000
011111000000000000000000000000000000000000000000000000000000000000000000000000011111111110000000
100000000000000000000000000000000000000000000000000000000000000000000000000000000000000001111100
111111000000000000000000000000000000000000000000000000000000000000000000000000011111111111111100
111111111111111100000000000000000000000000000000000000000000000011111111111111111111111111111100
111111111111111111111111111111100000000000000001111111111111110011111111111111111111111111111100
111111111111111111111111111111101111111111111111111111111111110011111111111111111111111111111100
011111111111111111111111111111101111111111111111111111111111110011111111111111111111111111111100
010111111111111111111111111111101111111111111111111111111111110011111111111111111111111111111100
010111110111111111111111111111101111111111111111111111111111110011111111111111111111111111111100
010111110111111111101111111111101111111111111111111111111111110011111111111111111111111111111100
010111110111111111101111111111101110111111111111111111111111110011111111111111111111111111111100
010111110111111111101111111111101110111111111111111011111111110011111111111111111111111111111100
010111110111111111101111111111101110111111111111111011111111110011110111111111111111111111111100
010111110111111111101111111111101110111111111111111011111111110011110111111111111101111111111100
010111110111111111101111111111101110111111111111111011111111110011110111111111111101111111011100
010111110111111111101111111111101110111111111111111011111111110011110111111111111101111110011100
010111110111111111101111111111101110111111111111111011111111110011110111111111111101111100011100
010111110111111111101111111111101110111111111111111011111111110011110111111101111101111100011100
010111110111111111101111111111101110111111111111111011111101110011110111111101111101111100011100
010111110111111111101111111111101110111111011111111011111101110011110111111101111101111100011100
010111110111111111101111101111101110111111011111111011111101110011110111111101111101111100011100
010111110110111111101111101111101110111111011111111011111101110011110111111101111101111100011100
010111110100111111101111101111101110111111011111111011111101110011110111111101111101111100011100
010111110000111111101111101111101110111111011111111011111101110011110111111101111101111100011100
010111110000111111100111101111101110011111011111111011111101110011110111111101111101111100011100
010111110000111111100111101111101110011111011111111001111101110011110111111101111101111100011100
010111110000111111100111101111101110011111011111111001111101110011110011111101111101111100011100
010111110000111111100111101111101110011111011111111001111101110011110011111101111100111100011100
010111110000111111100111101111101110011111011111111001111101110011110011111101111100111100001100
010111110000111111100111101111101110011111011111111001111101110011110011111101111100111100001000
010111110000111111100111101111101110011111011111111001111101110011110011111101111100111000001000
010111110000111111100111101111101110011111011111111001111101110011110011111001111100111000001000
010111110000111111100111101111101110011111011111111001111001110011110011111001111100111000001000
010111110000111111100111101111101110011110011111111001111001110011110011111001111100111000001000
010111110000111111100111001111101110011110011111111001111001110011110011111001111100111000001000
010111110000111111100110001111101110011110011111111001111001110011110011111001111100111000001000
010111110000111111100100001111101110011110011111111001111001110011110011111001111100111000001000
010111110000111111100000001111101110011110011111111001111001110011110011111001111100111000001000
010111110000111111100000001111101110001110011111111001111001110011110011111001111100111000001000
010111110000111111100000001111101110001110011111111000111001110011110011111001111100111000001000
010111110000111111100000001111101110001110011111111000111001110011110001111001111100111000001000
010111110000111111100000001111101110001110011111111000111001110011110001111001111100011000001000
010111110000111111100000001111101110001110011111111000111001110011110001111001111100011000000000
010111110000111111100000001111101110001110011111111000111001110011110001111001111100010000000000
010111110000111111100000001111101110001110011111111000111001110011110001110001111100010000000000
010111110000111111100000001111101110001110011111111000110001110011110001110001111100010000000000
010111110000111111100000001111101110001100011111111000110001110011110001110001111100010000000000
010111110000111111100000001111101110001000011111111000110001110011110001110001111100010000000000
010111110000111111100000001111101110000000011111111000110001110011110001110001111100010000000000
010111110000111111100000001111101110000000011111111000010001110011110001110001111100010000000000
010111110000111111100000001111101110000000011111111000010001110011110000110001111100010000000000
010111110000111111100000001111101110000000011111111000010001110011110000110001111100000000000000
010111110000111111100000001111101110000000011111111000010001110011110000100001111100000000000000
010111110000111111100000001111101110000000011111111000000001110011110000100001111100000000000000
010111110000111111100000001111101110000000011111111000000001110011110000000001111100000000000000
010111110000111111100000001111101110000000011110011000000001100011110000000001111100000000000000
010111110000111111100000001111100010000000011000011000000001100000010000000001011100000000000000
010111110000111100000000001100000000000000000000000000000000000000000000000000000000000000000000
010111110000001100000000000000000000000000000000000000000000000000000000000000000000000000000000
000000000000000000000000000000000000000000000000000000000000000000000000000000000000000000000000
000000000000000000000000000000000000000000000000000000000000000000000000000000000000000000000000
111111111111111111111111111111101111111111111111111111111111110011111111111111111111111111111100
111111111111111111111111111111101111111111111111111111111111110011111111111111111111111111111100
000000000000000000000000000000000000000000000000000000000000000000000000000000000000000000000000
000000000000000000000000000000000000000000000000000000000000000000000000000000000000000000000000
