000000000111000000001000010000000000100000100000000100000010000000001000000010000010000011100000
000110000010001000000010000001000000001000000011000001000000000001000010000000000111000000000000
000000011100000001000010000000000100000100000000100000010000000001000000010000001000001001000100
000000000000000000000000000000000000000000000001111111111111110000000000000000000000000000000000
111111010101010100100111100100101011011011011010110110110110110000100100100100110101010101111100
000000000000000000000000000000000000000000000001111111111111110000000000000000000000000000000000
000000011100000001000010000000000100000100000000100000010000000001000000010000001000001001000100
000110000010001000000010000001000000001000000011000001000000000001000010000000000111000000000000
000000000111000000001000010000000000100000100000000100000010000000001000000010000010000011100000
111111010101010100100111100100101011011011011010110110110110110000100100100100110101010101111100
111111010101010100100111100100101011011011011010110110110110110000100100100100110101010101111100
111111010101010100100111100100101011011011011010110110110110110000100100100100110101010101111100
111111010101010100100111100100101011011011011010110110110110110000100100100100110101010101111100
000000000111000000001000010000000000100000100000000100000010000000001000000010000010000011100000
000000000001110000000001000010000000000100000100000000100000010010000001000000001000100000110000
000000000000011110000000001000000100000000100000010000000100000000010000001000000010001000011000
000000110000000100010000000001000000100000000100000010000000100000000010000001000000100010001100
000000000000000000000000000000000000000000000000000000000000000000000000000000000000000000000000
111111010101010100100111100100101011011011011010110110110110110000100100100100110101010101111100
000000000000000000000000000000000000000000000000000000000000000000000000000000000000000000000000
111111010101010100100111100100101011011011011010110110110110110000100100100100110101010101111100
000000000000000000000000000000000000000000000000000000000000000000000000000000000000000000000000
000000000111000000001000010000000000100000100000000100000010000000001000000010000010000011100000
000000000001110000000001000010000000000100000100000000100000010010000001000000001000100000110000
000000000000011110000000001000000100000000100000010000000100000000010000001000000010001000011000
000000110000000100010000000001000000100000000100000010000000100000000010000001000000100010001100
111111010101010100100111100100101011011011011010110110110110110000100100100100110101010101111100
000000000000000000000000000000000000000000000000000000000000000000000000000000000000000000000000
111111010101010100100111100100101011011011011010110110110110110000100100100100110101010101111100
000000000000000000000000000000000000000000000000000000000000000000000000000000000000000000000000
111111010101010100100111100100101011011011011010110110110110110000100100100100110101010101111100
000000000000000000000000000000000000000000000000000000000000000000000000000000000000000000000000
111111010101010100100111100100101011011011011010110110110110110000100100100100110101010101111100
000000000000000000000000000000000000000000000000000000000000000000000000000000000000000000000000
000000000111000000001000010000000000100000100000000100000010000000001000000010000010000011100000
000000000001110000000001000010000000000100000100000000100000010010000001000000001000100000110000
000000000000011110000000001000000100000000100000010000000100000000010000001000000010001000011000
000000110000000100010000000001000000100000000100000010000000100000000010000001000000100010001100
000000000000000000000000000000000000000000000000000000000000000000000000000000000000000000000000
111111010101010100100111100100101011011011011010110110110110110000100100100100110101010101111100
111111010101010100100111100100101011011011011010110110110110110000100100100100110101010101111100
000000000000000000000000000000000000000000000000000000000000000000000000000000000000000000000000
000000000111000000001000010000000000100000100000000100000010000000001000000010000010000011100000
000000000001110000000001000010000000000100000100000000100000010010000001000000001000100000110000
000000000000011110000000001000000100000000100000010000000100000000010000001000000010001000011000
000000110000000100010000000001000000100000000100000010000000100000000010000001000000100010001100
000000000000000000000000000000000000000000000000000000000000000000000000000000000000000000000000
111111010101010100100111100100101011011011011010110110110110110000100100100100110101010101111100
111111010101010100100111100100101011011011011010110110110110110000100100100100110101010101111100
111111010101010100100111100100101011011011011010110110110110110000100100100100110101010101111100
111111010101010100100111100100101011011011011010110110110110110000100100100100110101010101111100
000000000000000000000000000000000000000000000000000000000000000000000000000000000000000000000000
