100000000000000000000000000000000100100100100100000000000000000000000000000000000000000001000000
000000000000000000000000000000000100100100100100110110110110110000000000000000000000000000000000
100000000000000000000000000000000100100100100100110110110110110000000000000000000000000001111100
000000000000000001001001001001000100100100100100100100100100100000000000000000000000000000000000
000000000000000000000000000000000000000000000000000000000000000000000000000000000000000001111000
000000000000000000000000000000000000000000000000000000000000000000000000000000000000000000000000
000000000000000000000000000000000000000000000000000000000000000000000000000000000000000000000000
100000000000000000000000000000000000000000000000000000000000000000000000000000000000000000000000
000100000000000000000000000000000000000000000000000000000000000000000000000000000000000000000000
000000000001000000000000000000000000000000000000000000000000000000000000000000000000000000000000
000000000000000000000000100000000000000000000000000000000000000000000000000000000000000000000000
000000000000000000000000000000000000000010000000000000000000000000000000000000000000000000000000
000000000000000000000000000000000000000000000000000000010000000000000000000000000000000000000000
000000000000000000000000000000000000000000000000000000000000000000000000100000000000000000000000
000000000000000000000000000000000000000000000000000000000000000000000000000000000000010000000000
000000000000000000000000000000000000000000000000000000000000000000000000010000000000000000000000
000000000000000000000000000000000000000000000000000000001000000000000000000000000000000000000000
000000000000000000000000000000000000000000000000000000000100000000000000000000000000000000000000
000000000000000000000000000000000000000000000000000000000010000000000000000000000000000000000000
000000000000000000000000000000000000000000000000000000000001000000000000000000000000000000000000
000000000000000000000000000000000000000000000000000000000000100000000000000000000000000000000000
000000000000000000000000000000000000000000001000000000000000000000000000000000000000000000000000
000000000000000000000000000010000000000000000000000000000000000000000000000000000000000000000000
000000000000001000000000000000000000000000000000000000000000000000000000000000000000000000000000
000010000000000000000000000000000000000000000000000000000000000000000000000000000000000000000000
100000000000000000000000000000000000000000000000000000000000000000000000000000000000000000000000
100000000000000000000000000000000000000000000000000000000000000000000000000000000000000000000000
011111000000000000000000000000000000000000000000000000000000000000000000000000000000000000000000
100000000000000000000000000000000000000000000000000000000000000000000000000000000000000000000000
011111000000000000000000000000000000000000000000000000000000000000000000000000000000000000000000
000000000000000000000000000000000000000000000000000000000000000000000000000000000000000000000000
000000000000000000000000000000000000000000000000000000000000000000000000000000000000000001111100
000000000000000000000000000000000000000000000000000000000000000000000000000000011111111111111100
000000000000000000000000000000000000000000000000000000000000000000000000000000011111111110000000
000000000000000000000000000000000000000000000000000000000000000000000000000000011111111111111100
000000000000000000000000000000000000000000000000000000000000000000000000000000011111111110000000
000000000000000011000000000000001010000000000000110000000000000000000000000000000000000000000000
000000000000000000000000000000000100000000000000000000000000000000000000000000000000000000000000
000000000000000011000000000000001010000000000000110000000000000000000000000000000000000000000000
000000000000000000110000000000000010100000000000001100000000000000000000000000000000000000000000
000000000000000000110000000000000010100000000000001100000000000000000000000000000000000000000000
000000000000000000000000000000000001000000000000000000000000000000000000000000000000000000000000
000000000000000000110000000000000010100000000000001100000000000000000000000000000000000000000000
000000000000000000000000000000000001000000000000000000000000000000000000000000000000000000000000
000000000000000000110000000000000010100000000000001100000000000000000000000000000000000000000000
000000000000000000001100000000000000101000000000000011000000000000000000000000000000000000000000
000000000000000000000000000000000000010000000000000000000000000000000000000000000000000000000000
000000000000000000001100000000000000101000000000000011000000000000000000000000000000000000000000
000000000000000000000000000000000000010000000000000000000000000000000000000000000000000000000000
000000000000000000001100000000000000101000000000000011000000000000000000000000000000000000000000
000000000000000000000011000000000000001010000000000000110000000000000000000000000000000000000000
000000000000000000000011000000000000001010000000000000110000000000000000000000000000000000000000
000000000000000000000000000000000000000100000000000000000000000000000000000000000000000000000000
000000000000000000000011000000000000001010000000000000110000000000000000000000000000000000000000
000000000000000000000000000000000000000100000000000000000000000000000000000000000000000000000000
000000000000000000000011000000000000001010000000000000110000000000000000000000000000000000000000
000000000000000000000000110000000000000010100000000000001100000000000000000000000000000000000000
000000000000000000000000000000000000000001000000000000000000000000000000000000000000000000000000
000000000000000000000000110000000000000010100000000000001100000000000000000000000000000000000000
000000000000000000000000000000000000000001000000000000000000000000000000000000000000000000000000
000000000000000000000000000000000000000001000000000000000000000000000000000000000000000000000000
000000000000000000000000110000000000000010100000000000001100000000000000000000000000000000000000
000000000000000000000000001100000000000000101000000000000011000000000000000000000000000000000000
000000000000000000000000001100000000000000101000000000000011000000000000000000000000000000000000
000000000000000000000000000000000000000000010000000000000000000000000000000000000000000000000000
000000000000000000000000001100000000000000111000000000000011000000000000000000000000000000000000
000000000000000000000000001100000000000000101000000000000011000000000000000000000000000000000000
000000000000000000000000000000000000000000010000000000000000000000000000000000000000000000000000
000000000000000000000000001100000000000000101000000000000011000000000000000000000000000000000000
000000000000000000000000000000000000000000000000000000000000000011111111111011100000000000000000
000000000000000000000000000000000000000000000000000000000000000011111111110011100000000000000000
000000000000000000000000000000000000000000000000000000000000000011111111110001100000000000000000
000000000000000000000000000000000000000000000000000000000000000011111111110001100000000000000000
000000000000000000000000000000000000000000000000000000000000000011111111110000100000000000000000
000000000000000000000000000000000000000000000000000000000000000011111111110000100000000000000000
000000000000000000000000000000000000000000000000000000000000000011111111110000000000000000000000
000000000000000000000000000000000000000000000000000000000000000001111111110000000000000000000000
000000000000000000000000000000000000000000000000000000000000000000111111110000000000000000000000
000000000000000000000000000000000000000000000000000000000000000000011111110000000000000000000000
000000000000000000000000000000000000000000000000000000000000000000111111110000000000000000000000
000000000000000000000000000000000000000000000000000000000000000000001111110000000000000000000000
000000000000000000000000000000000000000000000000000000000000000000000111110000000000000000000000
000000000000000000000000000000000000000000000000000000000000000000000011110000000000000000000000
000000000000000000000000000000000000000000000000000000000000000000000001110000000000000000000000
000000000000000000000000000000000000000000000000000000000000000000000000110000000000000000000000
000000000000000000000000000000000000000000000000000000000000000000000000010000000000000000000000
000000000000000000000000000000000000000000000000000000000000000000000000000000000000000000000000
000000000000000011111111111111100000000000000000000000000000000000000000000000000000000000000000
000000000000000011111111111111100000000000000000000000000000000000000000000000000000000000000000
000000000000000000000000000000000000000000000000000000000000000000000000000000000000000000000000
000000000000000000010000000000000000000000000000000000000000000000000000000000000000000000000000
000000000000000000001000000000000000000000000000000000000000000000000000000000000000000000000000
000000000000000000000100000000000000000000000000000000000000000000000000000000000000000000000000
000000000000000000000010000000000000000000000000000000000000000000000000000000000000000000000000
000000000000000000000001000000000000000000000000000000000000000000000000000000000000000000000000
000000000000000000000000100000000000000000000000000000000000000000000000000000000000000000000000
000000000000000000000000010000000000000000000000000000000000000000000000000000000000000000000000
000000000000000000000000001000000000000000000000000000000000000000000000000000000000000000000000
000000000000000000000000000100000000000000000000000000000000000000000000000000000000000000000000
000000000000000000000000000010000000000000000000000000000000000000000000000000000000000000000000
000000000000000000000000000001000000000000000000000000000000000000000000000000000000000000000000
000000000000000000000000000000100000000000000000000000000000000000000000000000000000000000000000
000000000000000010000000000000000000000000000000000000000000000000000000000000000000000000000000
000000000000000001000000000000000000000000000000000000000000000000000000000000000000000000000000
000000000000000000100000000000000000000000000000000000000000000000000000000000000000000000000000
000000000000000000010000000000000000000000000000000000000000000000000000000000000000000000000000
000000000000000000001000000000000000000000000000000000000000000000000000000000000000000000000000
000000000000000000000100000000000000000000000000000000000000000000000000000000000000000000000000
000000000000000000000010000000000000000000000000000000000000000000000000000000000000000000000000
000000000000000000000001000000000000000000000000000000000000000000000000000000000000000000000000
000000000000000000000000100000000000000000000000000000000000000000000000000000000000000000000000
000000000000000000000000010000000000000000000000000000000000000000000000000000000000000000000000
000000000000000000000000000000000000000000000000000000000000000000000000000000000000000000000000
000000000000000000000000000000000000000000000000000000000000000000000000000000000000000000000000
