000000000000000000000000000000000000100000000000000110000000000000000000000000000000000000000000
000000000000000000000000000000000000111000000000000111100000000000000000000000000000000000000000
000000000000000000000000000000000000111110000000000111111000000000000000000000000000000000000000
000000000000000000000000000000000000111111110000000111111110000000000000000000000000000000000000
000000000000000000000000000000000000111111111100000111111111100000000000000000000000000000000000
000000000000000000000000000000001000111111111111100111111111110000000000000000000000000000000000
000000000000000000000000000000001111111111111111111111111111110000000000000000000000000000000000
000000000000000000000000000000001111111111111111111111111111110000000000000000000000000000000000
100000000000000000000000000000000000000000000000000000000000000000000000000000000000000000000100
001100000101000000000011000000000000000000000000000000000000000011000000000000010100000001100000
000000000000000000000000000000001111111111111111111111111111110000000000000000000000000000000000
100000000000000000000000000000000000000000000000000000000000000000000000000000000000000000000100
000000000000000000000000000000001111111111111111111111111111110000000000000000000000000000000000
011111000000000000000000000000000000000000000000000000000000000000000000000000000000000001111100
011111000000000000000000000000000000000000000000000000000000000000000000000000000000000001111100
000000111111111100000000000000000000000000000000000000000000000000000000000000000000000000000000
000000111111111100000000000000000000000000000000000000000000000000000000000000000000000000000000
000000111110000100000000000001000000000000000000000000000000000000000000000000000000000000000000
000000111110000100000000000001000000000000000000000000000000000000000000000000000000000000000000
000000111110000100000000000001000000000000000100000000000000100000000000000001000000000000000000
000000111110000100000000000001000000000000000100000000000000100000000000000001000000000000000000
000000111110000100000000000001000000000000000100000000000000100000000000000001000000001111001100
000000111110000100000000000001000000000000000100000000000000100000000000000001000000001111001100
000000111110000100000000000001000000000000000100000000000000100000000000000001000000001100001000
000000111110000100000000000001000000000000000100000000000000100000000000000001000000001100001000
000000111110000100000000000001000000000000000100000000000000100000000000000001000000000000000000
000000111110000100000000000001000000000000000100000000000000100000000000000001000000000000000000
000000111110000100000000000001000000000000000000000000000000000000000000000000000000000000000000
000000111110000100000000000001000000000000000000000000000000000000000000000000000000000000000000
000000000000000000000000000000000000011000000000000001000000000000000000000000000000000000000000
000000000000000000000000000000000000100100000000000010100000000000000000000000000000000000000000
000000000000000000000000000000000001000010000000000100010000000000000000000000000000000000000000
000000000000000000000000000000000010000001000000001000001000000000000000000000000000000000000000
000000000000000000000000000000000100000000100000010000000100000000000000000000000000000000000000
000000000000000000000000000000001000000000010000100000000010000000000000000000000000000000000000
000000000000000000000000000000000000000000001011000000000001000000000000000000000000000000000000
000000000000000000000000000000000000000000000100000000000000110000000000000000000000000000000000
000000000000000000000000000000000000000000001010000000000000110000000000000000000000000000000000
000000000000000000000000000000001000000000010001000000000001000000000000000000000000000000000000
000000000000000000000000000000000100000000100000100000000010000000000000000000000000000000000000
000000000000000000000000000000000010000001000000010000000100000000000000000000000000000000000000
000000000000000000000000000000000001000010000000001000001000000000000000000000000000000000000000
000000000000000000000000000000000000100100000000000100010000000000000000000000000000000000000000
000000000000000000000000000000000000011000000000000010100000000000000000000000000000000000000000
000000000000000000001010000000000000100100000000000000000000000000000000000000000000000000000000
000000000000000000010001000000000001000010000000000000000000000000000000000000000000000000000000
000000000000000000100000100000000010000001000000000000000000000000000000000000000000000000000000
000000000000000001000000010000000100000000100000000000000000000000000000000000000000000000000000
000000000000000010000000001000001000000000010000000000000000000000000000000000000000000000000000
000000000000000000000000000100100000000000001010000000000000000000000000000000000000000000000000
000000000000000000000000000011000000000000000100000000000000000000000000000000000000000000000000
000000000000000000000000000011000000000000001010000000000000000000000000000000000000000000000000
000000000000000000000000000100101000000000010000000000000000000000000000000000000000000000000000
000000000000000010000000001000000100000000100000000000000000000000000000000000000000000000000000
000000000000000001000000010000000010000001000000000000000000000000000000000000000000000000000000
000000000000000000100000100000000001000010000000000000000000000000000000000000000000000000000000
000000000000000000010001000000000000100100000000000000000000000000000000000000000000000000000000
000000000000000000001010000000000000011000000000000000000000000000000000000000000000000000000000
000000000000000000000100000000000000011000000000000001000000000000000000000000000000000000000000
000000000100000000000100000000000000111100000000000001000000000000000000000000000000100000000000
001000000100000000000100000000000001111110000000000001000000000000000000000000000000100000000000
101000000100000000000100000000000011111111000000000001000000000000000000000000000000100001000000
101000000100001000000100000000000111111111100000000001000000000000000000000000010000100001000000
101000000100001000000100000000001111111111110000000001000000000000000000000000110000100001000000
101000000100001000000100000000001111111111111110000001000000000000000000000000110000100001000000
101000000100001000000100000000001111111111111010000001000000000000000000000000110000100001000000
101000000100000000000100000000001111111111110000000001000000000000000000000000010000100001000000
001000000100000000000100000000000111111111100000000001000000000000000000000000000000100001000000
001000000100000000000100000000000011111111000000000001000000000000000000000000000000100001000000
001000000100000000000100000000000001111110000000000001000000000000000000000000000000100000000000
000000000100000000000100000000000000111100000000000001000000000000000000000000000000100000000000
000000000000000000000100000000000000011000000000000001000000000000000000000000000000000000000000
000000000000000000000000000000000000011000000000000000000000000000000000000000000000000000000000
000000000000000000000000000000000000100100000000000000000000000000000000000000000000000000000000
000000000000000000000000000000000001000010000000000000000000000000000000000000000000000000000000
000000000000000000000000000000000010000001000000000000000000000000000000000000000000000000000000
000000000000000000000000000000000100000000100000000000000000000000000000000000000000000000000000
000000000000000000000000000000001000000000010000000000000000000000000000000000000000000000000000
000000000000000000000000000000000000000000001010000000000000000000000000000000000000000000000000
000000000000000000000000000000000000000000001010000000000000000000000000000000000000000000000000
000000000000000000000000000000000000000000000100000000000000000000000000000000000000000000000000
000000000000000000000000000000000000000000001010000000000000000000000000000000000000000000000000
000000000000000000000000000000001000000000010000000000000000000000000000000000000000000000000000
000000000000000000000000000000000100000000100000000000000000000000000000000000000000000000000000
000000000000000000000000000000000010000001000000000000000000000000000000000000000000000000000000
000000000000000000000000000000000001000010000000000000000000000000000000000000000000000000000000
000000000000000000000000000000000000100100000000000000000000000000000000000000000000000000000000
101000000100000000000100000000000000000000000000000000000000000000000000000000000000000000000000
000000111110000000000000000000000000000000000000000000000000000000000000000000000000000000000000
101000000100000000000100000000000000000000000000000001000000000000000000000000000000100000000000
101000000100000000000100000000000000000000000000000001000000000000000000000000110000100001000000
101000000100001000000100000000000000000000000100000001000000000000000000000000110000100001000000
101000000100001000000100000000000000000000000100000001000000000000000000000000110000100001000000
100000000000000000000000000000000000000000000000000000000000000000000000000000000000000001000000
111111000100001000000000000000000000000000000000000000000000000000000000000000011000000011111100
111111111111111100000000000000000000000000000000000000000000000000000000000000011111111111111100
111111111111111100111101000101000000000010010100010001000001000000010010010000111111111111111100
111111111111111100111101000101000000000010010101011001000001100011111111111111111111111111111100
111111111111111111111111111111100000000010010101011001000001100011111111111111111111111111111100
111111111111111111111111111111101010100110110101111101101001110011111111111111111111111111111100
111111111111111111111111111111101111111111111111111111111111110011111111111111111111111111111100
111111111111111111111111111111101111111111111111111111111111110011111111111111111111111111111100
000000000000000000000000000000000000000000000000000000000000000000000000000000000000000000000000
111111111111111111111111111111101111111111111111111111111111110011111111111111111111111111111100
111111111111111111111111111111101111111111111111111111111111110011111111111111111111111111111100
000000000000000000000000000000000000000000000000000000000000000000000000000000000000000000000000
100000000000000000000000000000000000000000000000000000000000000000000000000000000000000000000000
100000000000000000000000000000000000000000000000000000000000000000000000000000000000000000000000
000000000000000000000000000000000000000000000000000000000000000000000000000000000000000000000000
