100000000000000000000000011000000000000001110000000000001111000000000000001110000000000000000000
100000000001110000000000111100000000000011111000000000001111000000000000011111000000000100000000
100110000001110000000001100110000000000110001100000000010000100000000000110001100000001110000100
011001000010001000000011000011000000000100000100000000110000110000000000100000110000011011001100
110000000010001000000010000001000000001000000010000000100000010010000001100000111000110001001000
100110000100000100000100000000100000001000000011000001000000000011000011000000001000100000110000
010000000011111010001100000000101000010000000001100011000000000001000010000000000111000000110000
000000000111111111111000000000001100110000000000110110000000000001111110000000000111000000000000
000000101111111101110000000000000111100000000000011100000000000000111100000000000000000000000000
000000000000100011111111000011100000000011111000000000001111000000000000001110000000000100000000
000000000001110011111110000001100000000010001000000000011001100000000000011011000000001110000000
000110000011111011111110111101100000000100000100000000010000100000000000110001110000011010000100
101111000010001000000010000001001111110011111000000000100000010010000001100000110000010001001100
111001000100000100000110000001101111110111111101000001100000010010000001000000001000100001111000
010000101100000110001100000000101000010000000000111110111111110001000010000000001111100000110000
000000111000000011011000000000001100110000000001011101111111110001111110000000000111000000000000
000000010000000001110000000000000111100000000001000001111111110000111100000000000010000000000000
000000000000000000000000111100000000000001110000000000001111000011111111110001100000000100000000
000000000001110000000001111110000000000011011000000000011001100011111111100000100000001110000000
000110000001110000000001000010000000000110001100000000010000100011111111001110010000011110000100
100110000010001000000011000011000000000100000100000000100000010000000000100000101111101111001100
101001000110001100000110000001100000001000000010000000100000010010000001000000010111011111111000
011001101100000100000100000000101000011000000011000001000000000011000011000000010111011110110000
010000111000000010001100000000101000010000000001100011000000000001100110000000000111000001001100
000000010000000011111000000000000111100000000000111110000000000000111100000000000111000001111100
000000000000000000000000000000000000000000000000000000000000000000000000000000011111111110000000
000000000000000000000000000000000000000000000000000000000000000011111111111111100000000000000000
000000000000000000000000000000000000000000000000000000000000000000000000000000011111111110000000
000000000000000000000000000000000000000000000000000000000000000000000000000000000000000001111100
000000000000000000000000000000000000000000000001111111111111110000000000000000000000000000000000
011111000000000000000000000000000000000000000000000000000000000000000000000000000000000000000000
000000111111111100000000000000000000000000000000000000000000000000000000000000000000000000000000
000000000000000000000000000000000000000000000001111111111111110000000000000000000000000000000000
100000000000000000000000000000000000000000000000000000000000000000000000000000000000000000000000
100000000000000000000000000000000000000000000000000000000000000000000000000000000000000000000000
000000111111111100000000000000000000000000000000000000000000000000000000000000000000000000000000
000000000000000000000000000000000000000000000001111111111111110000000000000000000000000000000000
100000000000000000000000000000000000000000000000000000000000000000000000000000000000000000000000
000000000000000000000000000000001111111111111110000000000000000000000000000000000000000000000000
011111000000000000000000000000000000000000000000000000000000000000000000000000000000000000000000
000000000000000000000000000000000000000000000000000000000000000011111111111111100000000000000000
000000000000000000000000000000000000000000000000000000000000000011111111111111100000000000000000
000000000000000000000000000000001111111111111110000000000000000000000000000000000000000000000000
000000000000000000000000000000000000000000000000000000000000000000000000000000011111111110000000
000000000000000000000000000000001111111111111110000000000000000000000000000000000000000000000000
011111000000000000000000000000000000000000000000000000000000000000000000000000000000000000000000
000000000000000000000000000000000000000000000000000000000000000000000000000000011111111110000000
000000000000000000000000000000000000000000000000000000000000000000000000000000011111111110000000
100000000000000000000000000000000000000000000000000000000000000000000000000000000000000000000000
000000000000000000000000000000000000000000000000000000000000000000000000000000011111111110000000
