100000000000000000000000000000000000000000000000000000000000000000000000000000000000000000000000
001000000000000000000000000000000000000000000000000000000000000000000000000000000000000000000000
010000000000000000000000000000000000000000000000000000000000000000000000000000000000000000000000
000001000000000000000000000000000000000000000000000000000000000000000000000000000000000000000000
000010000000000000000000000000000000000000000000000000000000000000000000000000000000000000000000
000100000000000000000000000000000000000000000000000000000000000000000000000000000000000000000000
001000000000000000000000000000000000000000000000000000000000000000000000000000000000000000000000
010000000000000000000000000000000000000000000000000000000000000000000000000000000000000000000000
000001000000000000000000000000000000000000000000000000000000000000000000000000000000000000000000
000010000000000000000000000000000000000000000000000000000000000000000000000000000000000000000000
000100000000000000000000000000000000000000000000000000000000000000000000000000000000000000000000
000000000010000000000000000000000000000000000000000000000000000000000000000000000000000000000000
000000000100000000000000000000000000000000000000000000000000000000000000000000000000000000000000
000000001000000000000000000000000000000000000000000000000000000000000000000000000000000000000000
000000010000000000000000000000000000000000000000000000000000000000000000000000000000000000000000
000000100000000000000000000000000000000000000000000000000000000000000000000000000000000000000000
000000000000000100000000000000000000000000000000000000000000000000000000000000000000000000000000
000000000000001000000000000000000000000000000000000000000000000000000000000000000000000000000000
000000000000010000000000000000000000000000000000000000000000000000000000000000000000000000000000
000000000000100000000000000000000000000000000000000000000000000000000000000000000000000000000000
000000000001000000000000000000000000000000000000000000000000000000000000000000000000000000000000
000000000010000000000000000000000000000000000000000000000000000000000000000000000000000000000000
000000000100000000000000000000000000000000000000000000000000000000000000000000000000000000000000
000000001000000000000000000000000000000000000000000000000000000000000000000000000000000000000000
000000010000000000000000000000000000000000000000000000000000000000000000000000000000000000000000
000000100000000000000000000000000000000000000000000000000000000000000000000000000000000000000000
000000000000000100000000000000000000000000000000000000000000000000000000000000000000000000000000
000000000000000000000000000001000000000000000000000000000000000000000000000000000000000000000000
000000000000000000000000000010000000000000000000000000000000000000000000000000000000000000000000
000000000000000000000000000100000000000000000000000000000000000000000000000000000000000000000000
000000000000000000000000001000000000000000000000000000000000000000000000000000000000000000000000
000000000000000000000000010000000000000000000000000000000000000000000000000000000000000000000000
000000000000000000000000100000000000000000000000000000000000000000000000000000000000000000000000
000000000000000000000001000000000000000000000000000000000000000000000000000000000000000000000000
000000000000000000000010000000000000000000000000000000000000000000000000000000000000000000000000
000000000000000000000100000000000000000000000000000000000000000000000000000000000000000000000000
000000000000000000001000000000000000000000000000000000000000000000000000000000000000000000000000
000000000000000000010000000000000000000000000000000000000000000000000000000000000000000000000000
000000000000000000100000000000000000000000000000000000000000000000000000000000000000000000000000
000000000000000001000000000000000000000000000000000000000000000000000000000000000000000000000000
000000000000000010000000000000000000000000000000000000000000000000000000000000000000000000000000
000000000000000000000000000000100000000000000000000000000000000000000000000000000000000000000000
000000000000000000000000000001000000000000000000000000000000000000000000000000000000000000000000
000000000000000000000000000010000000000000000100000000000000000000000000000000000000000000000000
000000000000000000000000000100000000000000001000000000000000000000000000000000000000000000000000
000000000000000000000000001000000000000000010000000000000000000000000000000000000000000000000000
000000000000000000000000010000000000000000100000000000000000000000000000000000000000000000000000
000000000000000000000000100000000000000001000000000000000000000000000000000000000000000000000000
000000000000000000000001000000000000000000000000000000001000000000000000000000000000000000000000
000000000000000000000010000000000000000000000000000000000000000000000000010000000000000000000000
000000000000000000000100000000000000000000000000000000000000000000000000000000000000010000000000
000000000000000000001000000000000000000000000000000000000000000000000000000000000000100000000000
000000000000000000010000000000000000000000000000000000000000000000000000000000000001000000000000
000000010000000000000000000000000000000000000000000000000000000000000000000000000010000000000000
000000100000000000000000000000000000000000000000000000000000000000000000000000000100000000000000
000000000000000100000000000000000000000000000000000000000000000000000000000000001000000000000000
000000000000001000000000000000000000000000000000000000000000000000000000000000010000000000000000
000010000000000000000000000000000000000000000000000000000000000000000000000000000000000010000000
100000000000000000000000000000000000000000000000000000000000000000000000000000000000000100000000
010000000000000000000000000000000000000000000000000000000000000000000000000000000000001000000000
000000100000000000000000000000000000000000000000000000000000000000000000000000000000010000000000
000000000000000100000000000000000000000000000000000000000000000000000000000000000000100000000000
000000000000001000000000000000000000000000000000000000000000000000000000000000000000000000010000
000000000000010000000000000000000000000000000000000000000000000000000000000000000000000000100000
000000000000100000000000000000000000000000000000000000000000000000000000000000000000000001000000
000100000000000000000000000000000000000000000000000000000000000000000000000000000000000000000100
100000000000000000000000000000000000000000000000000000000000000000000000000000000000000000001000
000001000000000000000000000000000000000000000000000000000000000000000000000000000000000000100000
100111000000111000000000000000000000000000000000000000000000000000000000000000000000000001111100
100111000000111000000000000000000000000000000000000000000000000000000000000000000000000001111100
100111000000111000000000000000000000000000000000000000000000000000000000000000000000000001111100
111111100011111100000000011111000000000000000000000000000000000000000000000000011111111111111100
111111100011111100000000011111000000000000000000000000000000000000000000000000011111111111111100
111111100011111100000000011111000000000000000000000000000000000000000000000000011111111111111100
111111100011111100000000011111000000000000011100000000000000000000000000000011111111111111111100
111111100011111100000000011111000000000000011100000000000001100000000000000011111111111111111100
111111100011111100000000011111000000000000011100000000000011110000000000000011111111111111111100
111111100011111100000000011111000000000000111111000000000111110010000000000111111111111111111100
111111100011111100000000011111101000000001111111100000001111110011000000001111111111111111111100
111111100011111110000000111111101100000011111111110000011111110011100000011111111111111111111100
111111100011111110000001111111101100000111111111110000111111110011100000111111111111111111111100
111111100011111111000001111111101110000111111111111000111111110011110000111111111111111111111100
111111100011111111100011111111101110001111111111111101111111110011110001111111111111111111111100
111111111111111111100111111111101111001111111111111101111111110011110111111111111111111111111100
111111111111111111111111111111101111011111111111111101111111110011110111111111111111111111111100
111111111111111111111111111111101111011111111111111111111111110011110111111111111111111111111100
111111111111111111111111111111101111011111111111111111111111110011110111111111111111111111111100
111111111111111111111111111111101111011111111111111111111111110011110111111111111111111111111100
111111111111111111111111111111101111011111111111111111111111110011110111111111111111111111111100
111111111111111111111111111111101111011111111111111111111111110011110111111111111111111111111100
111111111111111111111111111111101111011111111111111111111111110011110111111111111111111111111100
111111111111111111111111111111101111011111111111111111111111110011110111111111111111111111111100
111111100011111111000011111111101110100111111111110000111111110011110001111111111110111111111100
000000000000000000000000000000000000100000000000000000000000000000000000000000000000000000000000
000000000000000000010000000000000000000000000000000000000000000000000000000000000000000000000000
010000000000000000000000000000000000000000000000000000000000000000000000000000000000000000000000
100000000000000000000000000000000000000000000000000000000000000000000000000000000000000000000000
100000000000000000000000000000000000000000000000000000000000000000000000000000000000000000000000
100000000000000000000000000000000000000000000000000000000000000000000000000000000000000000000000
