000000000000000000000000000000000100010000100000000000000000000000000000000000000000000000000000
000000000000000000000000001000000100010000000000000000000000000000000000000000000000000000000000
000000000000010001000000000000000000010000000000000000000000000000000000000000000000000000000000
000000000000001001000000000000000000001000000000000000000000000000000000000000000000000000000000
000000010000000100000000000000000000001000000000000000000000000000000000000000000000000000000000
000000010000000010000000000000000000001000000000000000000000000000000000000000000000000000000000
000000001000000000000000000000000100000100000000000000000000000000000000000000000000000000000000
000000001000000000000000000000000000000100000000010000000000000000000000000000000000000000000000
000000000100000000000000000000000000000100000000000000000000000000010000000000000000000000000000
000000000100000000000000000000000000000010000000000000000000000000000000000000000010000000000000
000000000000000000000010000000000000000010000000000000000000000000000000000000000000000000010000
000000000000000000000010000000000000000010000000000000000000000000000000000000000000000000001000
000000000000000000000000000000000000000101000000000000000000000000000000000000000000001000000000
000000000000000000000000000000000000000101000000000000000000000000000000001000000000000000000000
000000000000000000000000000000000000000001000000000000010100000000000000000000000000000000000000
000000000000000000000000000000000000000000100000000000010000000000000000000000000000000000000000
000000000000000000000000001000000000000000100000000000000000000000000000010000000000000000000000
000000000000010000000000000000000000000000100000000000000000000000000000010000000000000000000000
000000000000001000000000000000000000000000010000000000000000000000000000000000000000001000000000
000000000000000100000000000000000000000000010000000000000000000000000000000000000000001000000000
000000000000000010000000000000000000000000010000000000000000000000000000000000000000000000000100
000000000000000000000000000000000100000000001000000000000000000000000000000000000000000000000100
000000000000000000000000000000000000000000001000010000000000000000000000000000000000000001000000
000000000000000000000000000000000000000000001000000000000000000000010000000000000000000001000000
000000000000000000000000000000000000000000000100000000000000000000000000000000001010000000000000
000000000000000000000000000000000000000000000100000000000000000000000000000000001000000000010000
000000000000000000000000000000000000000000000100000000000000000001000000000000000000000000001000
000000000000000000000000000000000000000000000010000000000000000001000000000000000000001000000000
000000000000000000000000000000000000000000000010100000000000000000000000001000000000000000000000
000000000000000000000000000000000000000000000010100000000100000000000000000000000000000000000000
000000000000000000000000000000001100000000100000000000000000000000000000000000000000000000000000
000000000000000000000000001000001100000000000000000000000000000000000000000000000000000000000000
000000000000010001000000000000001000000000000000000000000000000000000000000000000000000000000000
000000000000001001000000000000000100000000000000000000000000000000000000000000000000000000000000
000000010000000100000000000000000100000000000000000000000000000000000000000000000000000000000000
000000010000000010000000000000000100000000000000000000000000000000000000000000000000000000000000
000000001000000000000000000000000110000000000000000000000000000000000000000000000000000000000000
000000001000000000000000000000000010000000000000010000000000000000000000000000000000000000000000
000000000100000000000000000000000010000000000000000000000000000000010000000000000000000000000000
000000000100000000000000000000000001000000000000000000000000000000000000000000000010000000000000
000000000000000000000010000000000001000000000000000000000000000000000000000000000000000000010000
000000000000000000000010000000000001000000000000000000000000000000000000000000000000000000001000
000000000000000000000000000000000000100100000000000000000000000000000000000000000000001000000000
000000000000000000000000000000000000100100000000000000000000000000000000001000000000000000000000
000000000000000000000000000000000000100000000000000000010100000000000000000000000000000000000000
000000000000000000000000000000000000010000100000000000010000000000000000000000000000000000000000
000000000000000000000000001000000000010000000000000000000000000000000000010000000000000000000000
000000000000010000000000000000000000010000000000000000000000000000000000010000000000000000000000
000000000000001000000000000000000000001000000000000000000000000000000000000000000000001000000000
000000000000000100000000000000000000001000000000000000000000000000000000000000000000001000000000
000000000000000010000000000000000000001000000000000000000000000000000000000000000000000000000100
000000000000000000000000000000000100000100000000000000000000000000000000000000000000000000000100
000000000000000000000000000000000000000100000000010000000000000000000000000000000000000001000000
000000000000000000000000000000000000000100000000000000000000000000010000000000000000000001000000
000000000000000000000000000000000000000010000000000000000000000000000000000000001010000000000000
000000000000000000000000000000000000000010000000000000000000000000000000000000001000000000010000
000000000000000000000000000000000000000010000000000000000000000001000000000000000000000000001000
000000000000000000000000000000000000000001000000000000000000000001000000000000000000001000000000
000000000000000000000000000000000000000001000000100000000000000000000000001000000000000000000000
000000000000000000000000000000000000000001000000100000000100000000000000000000000000000000000000
000000000000000000000000000000000100000000100000000000000000000000000000000000000000000000000000
000000000000000000000000001000000100000000100000000000000000000000000000000000000000000000000000
000000000000010001000000000000000000000000100000000000000000000000000000000000000000000000000000
000000000000001001000000000000000000000000010000000000000000000000000000000000000000000000000000
000000010000000100000000000000000000000000010000000000000000000000000000000000000000000000000000
000000010000000010000000000000000000000000010000000000000000000000000000000000000000000000000000
000000001000000000000000000000000100000000001000000000000000000000000000000000000000000000000000
000000001000000000000000000000000000000000001000010000000000000000000000000000000000000000000000
000000000100000000000000000000000000000000001000000000000000000000010000000000000000000000000000
000000000100000000000000000000000000000000000100000000000000000000000000000000000010000000000000
000000000000000000000010000000000000000000000100000000000000000000000000000000000000000000010000
000000000000000000000010000000000000000000000100000000000000000000000000000000000000000000001000
000000000000000000000000000000000000000100000010000000000000000000000000000000000000001000000000
000000000000000000000000000000000000000100000010000000000000000000000000001000000000000000000000
000000000000000000000000000000000000000000000010000000010100000000000000000000000000000000000000
000000000000000000000000000000001000000000100000000000010000000000000000000000000000000000000000
000000000000000000000000001000001000000000000000000000000000000000000000010000000000000000000000
000000000000010000000000000000001000000000000000000000000000000000000000010000000000000000000000
000000000000001000000000000000000100000000000000000000000000000000000000000000000000001000000000
000000000000000100000000000000000100000000000000000000000000000000000000000000000000001000000000
000000000000000010000000000000000100000000000000000000000000000000000000000000000000000000000100
000000000000000000000000000000000110000000000000000000000000000000000000000000000000000000000100
000000000000000000000000000000000010000000000000010000000000000000000000000000000000000001000000
000000000000000000000000000000000010000000000000000000000000000000010000000000000000000001000000
000000000000000000000000000000000001000000000000000000000000000000000000000000001010000000000000
000000000000000000000000000000000001000000000000000000000000000000000000000000001000000000010000
000000000000000000000000000000000001000000000000000000000000000001000000000000000000000000001000
000000000000000000000000000000000000100000000000000000000000000001000000000000000000001000000000
000000000000000000000000000000000000100000000000100000000000000000000000001000000000000000000000
000000000000000000000000000000000000100000000000100000000100000000000000000000000000000000000000
000000000000000000000000000000000100010000100000000000000000000000000000000000000000000000000000
000000000000000000000000001000000100010000000000000000000000000000000000000000000000000000000000
000000000000010001000000000000000000010000000000000000000000000000000000000000000000000000000000
000000000000001001000000000000000000001000000000000000000000000000000000000000000000000000000000
000000010000000100000000000000000000001000000000000000000000000000000000000000000000000000000000
000000010000000010000000000000000000001000000000000000000000000000000000000000000000000000000000
000000001000000000000000000000000100000100000000000000000000000000000000000000000000000000000000
000000001000000000000000000000000000000100000000010000000000000000000000000000000000000000000000
000000000100000000000000000000000000000100000000000000000000000000010000000000000000000000000000
000000000100000000000000000000000000000010000000000000000000000000000000000000000010000000000000
000000000000000000000000000000000000000000000000000000000000000000000000000000000000000000000000
000000000100000000000000000000000000000010000000000000000000000000000000000000000010000000000000
000000000000000000000000000000000000000000000000000000000000000000000000000000000000000000000000
000000000000000000000010000000000000000001000000000000000000000000000000000000000000000000010000
000000000000000000000010000000000000000101100000000000000000000000000000000000000000000000011000
000000000000000000000010000000000000000101110000000000010000000000000000000000000000001000011000
000000000000000000000010000000000000000101111000000000010000000000000000011000000000001000011000
000000000000000000000010000000000000000101111100000000010100000000000000011000000000001000011000
000000000000000000000010000000000000000101111110000000010100000000000000011000000000001000011100
000000000000000000000010001000001000000101111110000000010100000000000000011000000000001001011100
000000000000010000000010001000001100000101111110000000010100000000000000011000001000001001011100
000000000000011000000010001000001110000101111110000000010100000001000000011000001000001001011100
000000000000011100000010001000001111000101111110100000010100000001000000011000001000001001011100
000000000000011110000010001000001111100101111110100000010100000001000000011000001000001001011100
000000000000011111000010001000001111110101111110100000010100000001000000011000001000001001011100
000000010000011111000010001000001111111101111110110000010100000001000000011000001000001001011100
000000011000011111000010001000001111111101111110110000010100000001010000011000001000001001011100
000000011100011111000010001000001111111111111110110000010100000001010000011000001010001001011100
000000011100011111000010001000001111111111111110110000010100000001010000011000001010001001011100
000000011100011111000010001000001111111111111110110000010100000001010000011000001010001001011100
