000000000000000100000000000000000000000000000000000000000000000000000000000000000000000000000000
000000000000000110000000000001100000000000000000000000000000000000000000000000000000000000000000
000000000000000110000000000001001000000000000010000000000000000000000000000000000000000000000000
000000000000000110000000000001000100000000000101100000000000010000000000000000000000000000000000
000000000000000110000000000001000100000000000100010000000000100011100000000000100000000000000000
000000000000000110000000000001000100000000000100010000000000100000010000000001011100000000000000
000000000000000110000000000001000100000000000100010000000000100000010000000001000010000011100000
000000000000000110000000000001000100000000000100010000000000100000011000000001000001000010010100
000000000000000110000000000001000100000000000100010000000000100000011000000011000001111100000000
000000000000000110000000000001000100000000000100010000000000100000011000000011000001111100000000
000000000000000111000000000011000010000000001000001000000001000000001000000010000001111100000000
000000110000000100100000000111000001000000010000000100000010000000000111111100000000000000000000
000000110000011100010000001000000000100000100000000011111100000000000000000000000000000000000000
000000110000011100011000011000000000011111000000000000000000000000000000000000000000000000000000
000000110000011100011111111000000000000000000000000000000000000000000000000000000000000000000000
000000111111111100000000000000000000000000000000000000000000000000000000000000000000000000000000
011110100000001100000000000000000000000000000000000000000000000000000000000000000000000000000000
011111000000000000000000000000000000000000000000000000000000000000000000000000000000000000000000
110011000000000000000000000000000000000000000000000000000000000000000000000000000000000000000000
100011000000000000000000000000000000000000000000000000000000000000000000000000000000000000000000
000001000000000000000000000000000000000000000000000000000000000000000000000000000000000000000000
