000000000000000000000000000000000000100001000000000100001000000000001000010000000000000000000000
000000000000000000001000010000000000100001000000000100001000000000000000000000000000000000000000
000000000100100000001000010000000000100001000000000000000000000000000000000000000000000000000000
000000000100110000001010010000000000000000000000000000000000000000000000000000000000000000000000
000000000100110000000010000010000000000100000000000000000000000000000000000000000000000000000000
000000000000010000000010000010000000000100000100000000010000000000000000000000000000000000000000
000000000000000000000000000010000000000100000100000000010000010000000000010000000000000000000000
000000000000000000000000000000000000000000000100000000011000010010000000010000000000000000000000
000000000000000000000000000000000000000001000001000000001000010010000000010000000000000000000000
000000000000000000000000010000001000000001000001000000001000000010000000000000000000000000000000
000000000000100010000000010000001000000001000001000000000000000000000000000000000000000000000000
000000100000110010000000010000001000000000000000000000000000000000000000000000000000000000000000
000000110000110010000000000010000000000000000000000000000000000000000000000000000000000000000000
000000110000010000010000000010000000000000000100000000000000000000000000000000000000000000000000
000000010000000000010000000010000000100000000100000000000000010000000000000000000000000000000000
000000000000000000010000000000000000100000000100000010000000010010000000000000000000000000000000
000000000000000000000000000000000000100000000001000010000000010010000010000000000000000000000000
000000000000000000000000000000001000000000000001000011000000000010000010000000000000000000000000
000000000000000010000000000000001000001000000001000001000000000000000010000000000000000000000000
000000100000000010000010000000001000001000000000000001000000000000000000000000000000000000000000
000000110010000010000010000000000000001000000000000000000000000000000000000000000000000000000000
000000110011000000010010000000000000000000000000000000000000000000000000000000000000000000000000
000000010011000000010000010000000000100000000000000000000000000000000000000000000000000000000000
000000000001000000010000010000000000100000100000000010000000000000000000000000000000000000000000
000000000000000000000000010000000000100000100000000010000010000000000010000000000000000000000000
000000000000000000000000000000000000000000100000000011000010000000000010000010000000000000000000
000000000000000000000000000000000000001000000000000001000011000000000010000010000000000000000000
000000000000000000000010000000000000001000001000000001000001000000000000000010000000000000000000
000000000010000000000010000010000000001000001000000000000001000000000000000000000000000000000000
000000000011001000000010000010000000000000001000000000000000000000000000000000000000000000000000
000000000011001100000000010010000000000000000000000000000000000000000000000000000000000000000000
000000000001001110000000010000000000000000100000000000000000000000000000000000000000000000000000
000000000000000110000000010000000100000000100000000000000010000000000000000000000000000000000000
000000000000000010000000000000000100000000100000010000000010000000000000000010000000000000000000
000000000000000000000000000000000100000000000000010000000011000000010000000010000000000000000000
000000000000000000000000000000000000000000001000011000000001000000010000000010000000000000000000
000000000000000000000000000010000001000000001000001000000001000000010000000000000000000000000000
000000000000001000010000000010000001000000001000001000000000000000000000000000000000000000000000
000000001000001100010000000010000001000000000000000000000000000000000000000000000000000000000000
000000001100001110010000000000000000000000000000000000000000000000000000000000000000000000000000
000000001100000110000010000000000100000000000000000000000000000000000000000000000000000000000000
000000000100000010000010000000000100000100000000010000000000000000000000000000000000000000000000
000000000000000000000010000000000100000100000000010000010000000000010000000000000000000000000000
