000000000000000000000000000000000000010000000000000000000000000000000000000000000000000000000000
000000000000000000000000000000000000110000000000000000000000000000000000000000000000000000000000
000000000000000000000000000000000001110000000000000000000000000000000000000000000000000000000000
000000000000000000000100000000000011100000000000000001000000000000000000000000000000000000000000
000000000000000000000110000000000111000000000000000001100000000000000000000000000000000000000000
000000000000000000000111000000001110000000000000000001110000000000000000000000000000000000000000
000000001000000000000011100000001100000000000010000000111000000000000000000000000000000100000000
000000011000000000000001110000001000000000000110000000011100000000000000000000000000001100000000
100000111000000000000000111000000000000000001110000000001110000000000000000000000000011100000000
000010110000000100000000011100000000000000011100000000000111000000001000000000000000111000000000
100100100000001100000000001110000000000000111000000000000011100000001100000000000001110000100000
001000000000011100000000000111000000000001110000000000000001110000001110000000000011100001000000
110000000000111000000000000011100000000011100001000000000000110000001111000000000111000000000100
000001000001110010000000000001100000000111000001100000000000010000001111100000001110000000001000
100010000011100011000000000000100000001110000001110000000000000000001111110000011100000000010000
000110000111000011100000000000000000011110000000111000000000000000001111111000011000000010100000
101100001110000001110000000000000000111100000000011100000000000000001111111100010000000111100000
011000001100000000111000000000000001111000000000001110000000000000001111111110000000000111000100
110001011000000000111100000000000011110000000000001111000000000000001111111111000000001100001100
000011110000000000011110000000000111100000000000000111100000000000001111111111100000011000011000
100111100000000100001111000000001111000000000000000011110000000010001111111111100000110000110000
001110000000001100000111100000001110000000000010000001111000000011001111111111100001100001110000
111100000000011000000011110000001100000000000110000000111100000011101111111111100011000001100100
011001000000110000000001111000001000000000001110000000011110000011111111111111100110000001001100
110011000001100000000000111100000000000000011110000000001111000011110111111111101100000000011100
010111000011000000000000011110000000000000111100000000000111100011110011111111111000000000111000
101111000110000000000000001111000000000001111000000000000011110011110001111111110000000011111000
011110001100000000000000000111100000000011110001000000000001110011110000111111100000000111110100
111101001000000010000000000011100000000111100001100000000000110011110000011111100000000101101100
011011010000000011000000000001100000001111000001110000000000010011110000001111100000001001011100
111111100000000011100000000000100000011111000001111000000000000011110000000111100000010001111100
001111000000000111110000000000000000111110000000111100000000000011110000000011100000100001011100
111110000000001001111000000000000001111100000000011110000000000011110000000001100001000000111100
011101000000010001111100000000000011111000000000011111000000000011110000000000100010000001111000
111011000000100000111110000000000111110000000000001111100000000011110000000000000100000001110100
010011000001000000011111000000001111100000000000000111110000000001110000000000001000000001100100
100111000010000000001111100000001111000000000010000011111000000000110000000000010000000001001100
001110000100000000000111110000001110000000000110000001111100000000010000000000000000000010011100
111100001000000000000011111000001100000000001110000000111110000000000000000000000000000110111000
011001011000000000000001111100001000000000011110000000011111000000010000000000000000001101110000
110011110000000000000000111110000000000000111110000000001111100000011000000000000000011001100100
000011100000000100000000011111000000000001111100000000000111110000011100000000000000110001000100
100110000000001100000000001111100000000011111001000000000011110000001110000000000001100000001100
001100000000011010000000000111100000000111110001100000000001110000000111000000000011000000011000
111000000000110011000000000011100000001111100001110000000000110000000011100000000110000000110000
010001000001100011100000000001100000011111000001111000000000010000000001110000001100000001100000
100011000011000011110000000000100000011110000001111100000000000000000000111000011000000001000000
000010000110000011111000000000000000111100000000111110000000000000000000011100010000000010000100
100100001100000001111100000000000001111000000000011111000000000000000000001110000000000110001000
001000011100000000111100000000000011110000000000001111000000000000000000000111000000001110010000
110000111000000000011110000000000111100000000000000111100000000000000000000011100000011100100000
000001110000000100001111000000001111000000000000000011110000000010000000000001100000111000000100
100100100000001100000111100000001110000000000010000001111000000011000000000000100001110000010000
010000000000011100000011110000001100000000000110000000111100000011100000000000000011100001000000
100010000000111000000001111000001000000000001110000000011110000001110000000000000111000000001000
010000000001110000000000111100000000000000011110000000001111000000110000000000001110000000100000
100100000011100000000000011110000000000000111100000000000111100000010000000000011100000000001000
000001000111000000000000001111000000000001111000000000000011110000000000000000011000000011000000
101000001110000000000000000111100000000011110001000000000001110000011100000000010000000110010000
000010001100000010000000000011100000000111100001100000000000110000000000000000000000000110000100
100000011000000011000000000001100000001111000001110000000000010000001110000000000000001100000000
000100110000000011100000000000100000011110000001111000000000000000000111000000000000011000100000
100000100000000111110000000000000000011100000000111100000000000000000011100000000000110000000000
001000000000001101111000000000000000111000000000011110000000000000000001110000000001100001000000
100000000000011000111100000000000001110000000000001111000000000000000000111000000011000000000000
010000000000110000011100000000000011100000000000000111000000000000000000011100000110000000000100
100000000001100000001110000000000111000000000000000011100000000000000000001110001100000000000000
000001000011000000000111000000001110000000000000000001110000000000000000000111011000000000001000
100010000110000000000011100000001100000000000010000000111000000000000000000011110000000010010000
000000001100000000000001110000001000000000000110000000011100000010000000000001100000000110000000
100100001000000000000000111000000000000000001110000000001110000011000000000000100000000101100000
000000010000000000000000011100000000000000011100000000000111000011100000000000000000001000000000
101000100000000000000000001110000000000000111000000000000011100001110000000000000000010001000000
000000000000000100000000000111000000000001110000000000000001110000111000000000000000100000000000
110000000000001000000000000011100000000011100001000000000000110000011100000000000001000000000100
000000000000010010000000000001100000000111000001100000000000010000001110000000000010000000000000
100001000000100011000000000000100000001110000001110000000000000000000111000000000100000000001000
011111000001000011100000000000000000011100000000111000000000000000000011100000001000000001111100
100000000010000001110000000000000000011000000000011100000000000000000001110000010000000000000000
011111000100000000111000000000000000010000000000001110000000000000000000111000000000000011111100
100000001000000000011100000000000000000000000000000111000000000000000000011100000000000100000000
000000000000000000001100000000000000000000000000000011000000000000000000001110000000000000000000
100000000000000000000100000000000000000000000000000001000000000000000000000100000000000000000000
000000000000000000000000000000000000000000000000000000000000000000000000000000000000000000000000
111111111111111111111111111111101111111111111111111111111111110011111111111111111111111111111100
111111111111111111111111111111101111111111111111111111111111110011111111111111111111111111111100
111111111111111111111111111111101111111111111111111111111111110011111111111111111111111111111100
111111111111111111111111111111101111111111111111111111111111110011111111111111111111111111111100
111111111111111111111111111111101111111111111111111111111111110011111111111111111111111111111100
111111111111111111111111111111101111111111111111111111111111110011111111111111111111111111111100
111111111111111111111111111111101111111111111111111111111111110011111111111111111111111111111100
111111111111111111111111111111101111111111111111111111111111110011111111111111111111111111111100
