000000000000000000000000000000000000010000000000000000000000000000000000000000000000000000000000
000000000000000000000000000000000000110000000000000000000000000000000000000000000000000000000000
000000000000000000000000000000000001110000000000000000000000000000000000000000000000000000000000
000000000000000000000100000000000011100000000000000001000000000000000000000000000000000000000000
000000000000000000000110000000000111000000000000000001100000000000000000000000000000000000000000
000000000000000000000111000000001110000000000000000001110000000000000000000000000000000000000000
000000001000000000000011100000001100000000000010000000111000000000000000000000000000000000000000
000000011000000000000001110000001000000000000110000000011100000000000000000000000000000000000000
100000111000000000000000111000000000000000001110000000001110000000000000000000000000000000000000
000010110000000100000000011100000000000000011100000000000111000000000000000000000000000000000000
100100100000001100000000001110000000000000111000000000000011100000000000000000000000000000000000
001000000000011100000000000111000000000001110000000000000001110000000000000000000000000000000000
110000000000111000000000000011100000000011100001000000000000110000000000000000000000000000000000
000001000001110010000000000001100000000111000001100000000000010000000000000000000000000000000000
100010000011100011000000000000100000001110000001110000000000000000000000000000000000000000000000
000110000111000011100000000000000000011110000000111000000000000000000000000000000000000000000000
101100001110000001110000000000000000111100000000011100000000000000000000000000000000000000000000
011000001100000000111000000000000001111000000000001110000000000000000000000000000000000000000000
110001011000000000111100000000000011110000000000001111000000000000000000000000000000000000000000
000011110000000000011110000000000111100000000000000111100000000000000000000000000000000000000000
100111100000000100001111000000001111000000000000000011110000000000000000000000000000000000000000
001110000000001100000111100000001110000000000010000001111000000000000000000000000000000000000000
111100000000011000000011110000001100000000000110000000111100000000000000000000000000000000000000
011001000000110000000001111000001000000000001110000000011110000000000000000000000000000000000000
110011000001100000000000111100000000000000011110000000001111000000000000000000000000000000000000
010111000011000000000000011110000000000000111100000000000111100000000000000000000000000000000000
101111000110000000000000001111000000000001111000000000000011110000000000000000000000000000000000
011110001100000000000000000111100000000011110001000000000001110000000000000000000000000000000000
111101001000000010000000000011100000000111100001100000000000110000000000000000000000000000000000
011011010000000011000000000001100000001111000001110000000000010000000000000000000000000000000000
111111100000000011100000000000100000011111000001111000000000000000000000000000000000000000000000
001111000000000111110000000000000000111110000000111100000000000000000000000000000000000000000000
111110000000001001111000000000000001111100000000011110000000000000000000000000000000000000000000
011101000000010001111100000000000011111000000000011111000000000000000000000000000000000000000000
111011000000100000111110000000000111110000000000001111100000000000000000000000000000000000000000
010011000001000000011111000000001111100000000000000111110000000000000000000000000000000000000000
100111000010000000001111100000001111000000000010000011111000000000000000000000000000000000000000
001110000100000000000111110000001110000000000110000001111100000000000000000000000000000000000000
111100001000000000000011111000001100000000001110000000111110000000000000000000000000000000000000
011001011000000000000001111100001000000000011110000000011111000000000000000000000000000000000000
110011110000000000000000111110000000000000111110000000001111100000000000000000000000000000000000
000011100000000100000000011111000000000001111100000000000111110000000000000000000000000000000000
100110000000001100000000001111100000000011111001000000000011110000000000000000000000000000000000
001100000000011010000000000111100000000111110001100000000001110000000000000000000000000000000000
111000000000110011000000000011100000001111100001110000000000110000000000000000000000000000000000
010001000001100011100000000001100000011111000001111000000000010000000000000000000000000000000000
100011000011000011110000000000100000011110000001111100000000000000000000000000000000000000000000
000010000110000011111000000000000000111100000000111110000000000000000000000000000000000000000000
100100001100000001111100000000000001111000000000011111000000000000000000000000000000000000000000
001000011100000000111100000000000011110000000000001111000000000000000000000000000000000000000000
110000111000000000011110000000000111100000000000000111100000000000000000000000000000000000000000
000001110000000100001111000000001111000000000000000011110000000000000000000000000000000000000000
100100100000001100000111100000001110000000000010000001111000000000000000000000000000000000000000
010000000000011100000011110000001100000000000110000000111100000000000000000000000000000000000000
100010000000111000000001111000001000000000001110000000011110000000000000000000000000000000000000
010000000001110000000000111100000000000000011110000000001111000000000000000000000000000000000000
100100000011100000000000011110000000000000111100000000000111100000000000000000000000000000000000
000001000111000000000000001111000000000001111000000000000011110000000000000000000000000000000000
101000001110000000000000000111100000000011110001000000000001110000000000000000000000000000000000
000010001100000010000000000011100000000111100001100000000000110000000000000000000000000000000000
100000011000000011000000000001100000001111000001110000000000010000000000000000000000000000000000
000100110000000011100000000000100000011110000001111000000000000000000000000000000000000000000000
100000100000000111110000000000000000011100000000111100000000000000000000000000000000000000000000
001000000000001101111000000000000000111000000000011110000000000000000000000000000000000000000000
100000000000011000111100000000000001110000000000001111000000000000000000000000000000000000000000
010000000000110000011100000000000011100000000000000111000000000000000000000000000000000000000000
100000000001100000001110000000000111000000000000000011100000000000000000000000000000000000000000
000001000011000000000111000000001110000000000000000001110000000000000000000000000000000000000000
100010000110000000000011100000001100000000000010000000111000000000000000000000000000000000000000
000000001100000000000001110000001000000000000110000000011100000000000000000000000000000000000000
100100001000000000000000111000000000000000001110000000001110000000000000000000000000000000000000
000000010000000000000000011100000000000000011100000000000111000000000000000000000000000000000000
101000100000000000000000001110000000000000111000000000000011100000000000000000000000000000000000
000000000000000100000000000111000000000001110000000000000001110000000000000000000000000000000000
110000000000001000000000000011100000000011100001000000000000110000000000000000000000000000000000
000000000000010010000000000001100000000111000001100000000000010000000000000000000000000000000000
100001000000100011000000000000100000001110000001110000000000000000000000000000000000000000000000
011111000001000011100000000000000000011100000000111000000000000000000000000000000000000000000000
100000000010000001110000000000000000011000000000011100000000000000000000000000000000000000000000
011111000100000000111000000000000000010000000000001110000000000000000000000000000000000000000000
100000001000000000011100000000000000000000000000000111000000000000000000000000000000000000000000
000000000000000000001100000000000000000000000000000011000000000000000000000000000000000000000000
100000000000000000000100000000000000000000000000000001000000000000000000000000000000000000000000
000000000000000000000000000000000000000000000000000000000000000000000000000000000000000000000000
