000000000000000000100000000000000000000000000000000000000000000000000000000000000000000000000000
000000010000000001010000000000000011000000000000000000000000000000000000000000000000000000000000
010000101000000010001000000000000100100000000000011100000000000000000000000000000000000000000000
101001000100000100000100000000101000010000000000100010000000000000111100000000000000000000000000
000110000010001000000010000001000000001000000011000001000000000001000010000000000111000000000000
000000000001110000000001000010000000000100000100000000100000010010000001000000001000100000110000
000000000000000000000000111100000000000010001000000000010000100000000000100000110000010001001000
000000000000000000000000000000000000000001110000000000001001000000000000010001000000001010000100
000000000000000000000000000000000000000000000000000000000110000000000000001010000000000100000000
000000000000000000000000000000000000000000000000000000000000000000000000000100000000000000000000
