100000000000000000000000000000000000000000000000000000000000000000000000000000000000000001111100
111111000000000000000000000000000000000000000000000000000000000000000000000000001010101011111100
011111101010101000000000000000000000000000000000000000000000000000000000000000011111111110000000
000000111111111100000000000000000000000000000000000000000000000011011011011011010101010100000000
000000010101010111011011011011000000000000000000000000000000000011111111111111100000000000000000
000000000000000011111111111111100000000000000001001001001001000000100100100100100000000000000000
000000000000000011111111111111100000000000000001111111111111110000000000000000000000000000000000
000000000000000000000000000000000000000000000001111111111111110000000000000000000000000000000000
000000000000000011011011011011000000000000000000000000000000000000000000000000000000000000000000
110110010011011000000000000000000000000000000000000000000000000000000000000000000000000000000000
110100011001001000000000000000000000000000000000000000000000000000000000000000000000000000000000
000101001001100100000000000000000000000000000000000000000000000000000000000000000000000000000000
001001100100100100000000000000000000000000000000000000000000000000000000000000000000000000000000
001010100110010000000000000000000000000000000000000000000000000000000000000000000000000000000000
010010110010011000000000000000000000000000000000000000000000000000000000000000000000000000000000
010100010011001000010001000011000000000000000000000000000000000000000000000000000000000000000000
000101001001001100011000110001100000000000000000000000000000000000000000000000000000000000000000
001001001100100110001100011000100000000000000000000000000000000000000000000000000000000000000000
000000100100110011001110001100000000000000000000000000000000000000000000000000000000000000000000
000000110110010001100110001110000000000000000000000000000000000000000000000000000000000000000000
000000010010011001110011000110000000000000000000000000000000000000000000000000000000000000000000
000000011001001000110001100011000000000000000000000000000000000000000000000000000000000000000000
000000001001100100011000110001101000110001100010000000000000000000000000000000000000000000000000
000000100100100110001100011000101100011000110000000000000000000000000000000000000000000000000000
000000100110110011000110001100001110011100111000000000000000000000000000000000000000000000000000
000000010000010001100011000110000110001100011000000000000000000000000000000000000000000000000000
000000010001000000110001100011000001000110001100000000000000000000000000000000000000000000000000
000000000000000000011000110001100001100011000110000000000000000000000000000000000000000000000000
000000000000000010001100011001101000110001100010000000000000000000000000000000000000000000000000
000000000000000010001110001100101100011000110001110011100111000000000000000000000000000000000000
000000000000000011000110001110000110001100011000110001100011000000000000000000000000000000000000
000000000000000001100011000110000011000110001100011000110001100000000000000000000000000000000000
000000000000000000100000100000000001100011000110000100011000110000000000000000000000000000000000
000000000000000000000000100000101000110001100011000110001100010000000000000000000000000000000000
000000000000000000000000000000001100111001110011100011000110000000000000000000000000000000000000
000000000000000000000000000000001100011000110000110001100011000000100000000100000000000000000000
000000000000000000000000000000000110001100011000011000110001100000100000100000000000000000000000
000000000000000000000000000000000001000110001100000100011000110000000000110001100000000000000000
000000000000000000000000000000000001100011000111000110001100010010000100011000100000000000000000
000000000000000000000000000000001000110001100011100111001110010011000110001100000000000000000000
000000000000000000000000000000000000000000000001100011000110000001100011000110000000000000000000
000000000000000000000000000000000000000000000000110001100011000000110001100011000000000000000000
000000000000000000000000000000000000000000000000011000110001100000011000110001110000010000000000
000000000000000000000000000000000000000000000000000100011000110010000100011001110001000000000000
000000000000000000000000000000000000000000000001000110001100010010000110001100111001001100000000
000000000000000000000000000000000000000000000001100011000110000011000110001110001001100100000000
000000000000000000000000000000000000000000000000110001100011000001100011000110000100100110000000
000000000000000000000000000000000000000000000000000000000000000000110001100011000110010010000000
000000000000000000000000000000000000000000000000000000000000000000000000110001110000011000000000
000000000000000000000000000000000000000000000000000000000000000010000100011000111001001000000000
000000000000000000000000000000000000000000000000000000000000000011000110001100001001001100000000
000000000000000000000000000000000000000000000000000000000000000001100011000110001100100100100100
000000000000000000000000000000000000000000000000000000000000000000110001100011000100110010101000
000000000000000000000000000000000000000000000000000000000000000000011001010001010010010011001000
000000000000000000000000000000000000000000000000000000000000000000000000000000010001011001011000
000000000000000000000000000000000000000000000000000000000000000000000000000000011001001001010000
000000000000000000000000000000000000000000000000000000000000000000000000000000001001100100010100
000000000000000000000000000000000000000000000000000000000000000000000000000000000100100110100100
000000000000000000000000000000000000000000000000000000000000000000000000000000000110010010101000
000000000000000000000000000000000000000000000000000000000000000000000000000000010000011011001000
000000000000000000000000000000000000000000000000000000000000000000000000000000010001001001010000
000000000000000000000000000000000000000000000000000000000000000000000000000000001001001100010100
000000000000000000000000000000000000000000000000000000000000000000000000000000001100100100100100
000000000000000000000000000000000000000000000000000000000000000000000000000000000100110010101000
000000000000000000000000000000000000000000000000000000000000000000000000000000010110010011101000
000000000000000000000000000000000000000000000000000000000000000010000000010001010000011001001000
000000000000000000000000000000000000000000000000000000000000000010000100011000111001001001010000
000000000000000000000000000000000000000000000000000000000000000011000110001100001001100100010100
000000000000000000000000000000000000000000000000000000000000000001100011000110000100100110000000
000000000000000000000000000000000000000000000000000000000000000000110001100011000110110010000000
000000000000000000000000000000000000000000000000000000000000000000011000110001110010010010000000
000000000000000000000000000000000000000000000000000000000000000010000100011000110001001000000000
000000000000000000000000000000000000000000000001000110001100010011000110001100001001001100000000
000000000000000000000000000000000000000000000001100011000110000001100011001110001100100100000000
000000000000000000000000000000000000000000000000110001100011000001110001100110000100110110000000
000000000000000000000000000000000000000000000000011000110001100000110001110011000100010000000000
000000000000000000000000000000000000000000000000000100011000110000000000110001110000010000000000
000000000000000000000000000000000000000000000001000110001100010010000100011000100000000000000000
000000000000000000000000000000000000000000000001100011000110000011000110001100000000000000000000
000000000000000000000000000000001100011000110001110011100111000001100011000110000000000000000000
000000000000000000000000000000000110001100011000110001100011000000110001100011000000000000000000
000000000000000000000000000000000011000110001100011000110001100000011000110001100000000000000000
000000000000000000000000000000000001100011000110000100011000110000000100000000100000000000000000
000000000000000000000000000000001000110001100011000110001100010000000100000100000000000000000000
000000000000000000000000000000001100111001110011100011000110000000000000000000000000000000000000
000000000000000000000100000100001100011000110000110001100011000000000000000000000000000000000000
000000000000000000100000000100000110001100011000011000110001100000000000000000000000000000000000
000000000000000000110001100011000001000110001100000100011000110000000000000000000000000000000000
000000000000000000011001110001100001100011000111000110001100010000000000000000000000000000000000
000000000000000010001100110001101000110001100011100111001110010000000000000000000000000000000000
000000000000000010001110011000101100011000110000000000000000000000000000000000000000000000000000
000000000000000011000110001100000110001100011000000000000000000000000000000000000000000000000000
000000010000010001100011000110000011000110001100000000000000000000000000000000000000000000000000
000000010001000000110001100011000001100011000110000000000000000000000000000000000000000000000000
000000001001101100011000110001101001110011100110000000000000000000000000000000000000000000000000
000000001100100110001100011000101000110001100010000000000000000000000000000000000000000000000000
000000100100110011000110001100001100011000110000000000000000000000000000000000000000000000000000
000000110010010001100011000110000000000000000000000000000000000000000000000000000000000000000000
000000010011001000110001100011000000000000000000000000000000000000000000000000000000000000000000
000000011001001100110001110001100000000000000000000000000000000000000000000000000000000000000000
000000001001100110011000110001100000000000000000000000000000000000000000000000000000000000000000
100000000000000000000000011000000000000001110000000000001111000000000000001110000000000000000000
100000000001110000000000111100000000000011111000000000001111000000000000011111000000000100000000
100110000001110000000001100110000000000110001100000000010000100000000000110001100000001110000100
011001000010001000000011000011000000000100000100000000110000110000000000100000110000011011001100
110000000010001000000010000001000000001000000010000000100000010010000001100000111000110001001000
100110000100000100000100000000100000001000000011000001000000000011000011000000001000100000110000
010000000011111010001100000000101000010000000001100011000000000001000010000000000111000000110000
000000000111111111111000000000001100110000000000110110000000000001111110000000000111000000000000
000000101111111101110000000000000111100000000000011100000000000000111100000000000000000000000000
000000000000100011111111000011100000000011111000000000001111000000000000001110000000000100000000
000000000001110011111110000001100000000010001000000000011001100000000000011011000000001110000000
000110000011111011111110111101100000000100000100000000010000100000000000110001110000011010000100
101111000010001000000010000001001111110011111000000000100000010010000001100000110000010001001100
111001000100000100000110000001101111110111111101000001100000010010000001000000001000100001111000
010000101100000110001100000000101000010000000000111110111111110001000010000000001111100000110000
000000111000000011011000000000001100110000000001011101111111110001111110000000000111000000000000
000000010000000001110000000000000111100000000001000001111111110000111100000000000010000000000000
000000000000000000000000111100000000000001110000000000001111000011111111110001100000000100000000
000000000001110000000001111110000000000011011000000000011001100011111111100000100000001110000000
000110000001110000000001000010000000000110001100000000010000100011111111001110010000011110000100
100110000010001000000011000011000000000100000100000000100000010000000000100000101111101111001100
101001000110001100000110000001100000001000000010000000100000010010000001000000010111011111111000
011001101100000100000100000000101000011000000011000001000000000011000011000000010111011110110000
010000111000000010001100000000101000010000000001100011000000000001100110000000000111000001001100
000000010000000011111000000000000111100000000000111110000000000000111100000000000111000001111100
000000000000000000000000000000000000000000000000000000000000000000000000000000011111111110000000
000000000000000000000000000000000000000000000000000000000000000011111111111111100000000000000000
000000000000000000000000000000000000000000000000000000000000000000000000000000011111111110000000
000000000000000000000000000000000000000000000000000000000000000000000000000000000000000001111100
000000000000000000000000000000000000000000000001111111111111110000000000000000000000000000000000
011111000000000000000000000000000000000000000000000000000000000000000000000000000000000000000000
000000111111111100000000000000000000000000000000000000000000000000000000000000000000000000000000
000000000000000000000000000000000000000000000001111111111111110000000000000000000000000000000000
100000000000000000000000000000000000000000000000000000000000000000000000000000000000000000000000
100000000000000000000000000000000000000000000000000000000000000000000000000000000000000000000000
000000111111111100000000000000000000000000000000000000000000000000000000000000000000000000000000
000000000000000000000000000000000000000000000001111111111111110000000000000000000000000000000000
100000000000000000000000000000000000000000000000000000000000000000000000000000000000000000000000
000000000000000000000000000000001111111111111110000000000000000000000000000000000000000000000000
011111000000000000000000000000000000000000000000000000000000000000000000000000000000000000000000
000000000000000000000000000000000000000000000000000000000000000011111111111111100000000000000000
000000000000000000000000000000000000000000000000000000000000000011111111111111100000000000000000
000000000000000000000000000000001111111111111110000000000000000000000000000000000000000000000000
000000000000000000000000000000000000000000000000000000000000000000000000000000011111111110000000
000000000000000000000000000000001111111111111110000000000000000000000000000000000000000000000000
011111000000000000000000000000000000000000000000000000000000000000000000000000000000000000000000
000000000000000000000000000000000000000000000000000000000000000000000000000000011111111110000000
000000000000000000000000000000000000000000000000000000000000000000000000000000011111111110000000
100000000000000000000000000000000000000000000000000000000000000000000000000000000000000000000000
000000000000000000000000000000000000000000000000000000000000000000000000000000011111111110000000
001001100100100110001100011000100000000000000000000000000000000000000000000000000000000000000000
001010100110010011000110001100000000000000000000000000000000000000000000000000000000000000000000
010010010010011001000011000010000000000000000000000000000000000000000000000000000000000000000000
010100011011001000000000000000000000000000000000000000000000000000000000000000000000000000000000
000101001001001100000000000000000000000000000000000000000000000000000000000000000000000000000000
001001001100100100000000000000000000000000000000000000000000000000000000000000000000000000000000
001010100100110000000000000000000000000000000000000000000000000000000000000000000000000000000000
110010110010010000000000000000000000000000000000000000000000000000000000000000000000000000000000
000000000000000000000000000000000000000000000000110110110110110000000000000000000000000000000000
000000000000000011111111111111100000000000000000000000000000000000000000000000000000000000000000
000000000000000011111111111111100000000000000001111111111111110000000000000000000000000000000000
100000101010101011111111111111100000000000000000000000000000000000000000000000000000000000000000
000000000000000000000000000000000000000000000001111111111111110001010010101010100000000001111100
000000000000000000000000011100000000000000001001000000000000110000000000000000000000000000000000
000000000000000000000000110000000000000000000001100000000000000000000000000000000000000000000000
000000000000000000000001100000000000000000000000110000000000000000000000000000000000000000000000
000000000000000000000011000000000000000000000000011000000000000000000000000000000000000000000000
000000000000000000000110000000000000000000000000001100000000000000000000000000000000000000000000
000000000000000000001100000000000000000000000000000110000000000000000000000000000000000000000000
000000000000000000011000000000000000000000000000000011000000000000000000000000000000000000000000
000000000000000000110000000000000000000000000000000001100000000000000000000000000000000000000000
000000000000000001100000000000000000000000000000000000110000000000000000000000000000000000000000
000000000000000001100000000000000000000000000000000000011000000000000000000000000000000000000000
000000000000000011000000000000000000000000000000000000011000000000000000000000000000000000000000
000000000000000010000000000000100000000000000000000000001100000000000000000000000000000000000000
000000000000000000000000000001100000000000000000000000000110000000000000000000000000000000000000
000000000000000000000000000011000000000000000000000000000011000000000000000000000000000000000000
000000000000000000000000000100000000000000011000000000000001000000000000000000000000000000000000
000000000000000000000000000000000000000000111100000000000000000000000000000000000000000000000000
000000000000000000000000000000000000000001111110000000000000000000000000000000000000000000000000
000000000000000000000000000000001000000011111110000000000000000000000000000000000000000000000000
000000000000000000000000000000001100000111100110000000000000000000000000000000000000000000000000
000000000000000000000000000000001110001111000010000000000000000000000000000000000000000000000000
000000000000000000000000000000001111111110000000000000000000000000000000000000000000000000000000
000000000000000000000000000000000111111100000000000000000000000000000000000000000000000000000000
000000000000000000000000000000000011111000000000000000000000000000000000000000000000000000000000
000000000000000000000000000000000001110000000000000000000000000000000000000000000000000000000000
000000000000000000000000000000000000100000000000000000000000000000000000000000000000000000000000
000000000000000000000000000000000000000000000000000000000000000000000000000000000000000000000000
000000000000000000000000000000001111111111111110000000000000000000000000000000000000000000000000
000000000000000000000000000000001111111111111111111111111111110000000000000000000000000000000000
000000000000000011111111111111101111111111111111111111111111110000000000000000000000000000000000
000000000000000011111111111111101111111111111111111111111111110011111110111111100000000000000000
000000111111111111111111111111101111111111111111111111111111110011111110111111100000000000000000
111111000000000000000000000000000000000000000000000000000000000000000000000000001010101011111100
000000010101010100000000000000000100100100100100000000000000000000000000000000000000000000000000
111111000000000000000000000000000000000000000000000000000000000000000000000000001010101011111100
000000111111111111111111111111101111111111111111111111111111110011111110111111100000000000000000
111111000000000000000000000000000000000000000000000000000000000000000000000000001010101011111100
000000111111111111111111111111101111111111111111111111111111110011111110111111100000000000000000
111111000000000000000000000000000000000000000000000000000000000000000000000000001010101011111100
000000000000000000000000000000000000000000000000000000000000000011011011011011001010101010000000
000000000000000000000000000000000000000000000000110110110110110011011011011011000000000000000000
000000000000000000000000000000000100100100100100110110110110110000000000000000000000000000000000
000000000000000011011011011011000100100100100100000000000000000000000000000000000000000000000000
000000010101010111011011011011000000000000000000000000000000000000000000000000000000000000000000
011111101010101000000000000000000000000000000000000000000000000000000000000000000000000000000000
111111000000000000000000000000000000000000000000000000000000000000000000000000000000000000000000
000000000000000000000000000000000000000000000000000000000000000000000000000000000000000000000000
100000000000000000000000000000000000000000000000000000000000000000000000000000000000000000000000
100010001000000000000000000000000000000000000000000000000000000000000000000000000000000000000000
100010001000000000000000000100000000100000000000000000000000000000000000000000000000000000000000
100010001000000000000000000100000000100000000000000000000001000000000100000000000000000000000000
100000111111111100000000000000001111111111111110000000000000000011111111111111100000000000000000
011111000000000011111111111111100000000000000001111111111111110000000000000000011111111110000000
000000111111111100000000000000001111111111111110000000000000000011111111111111100000000001111100
100000000000000011111111111111100000000000000001111111111111110000000000000000011111111110000000
011111000000000000000000000000001111111111111110000000000000000011111111111111100000000001111100
100000111111111100000000000000000000000000000001111111111111110000000000000000011111111110000000
011111000000000011111111111111100000000000000000000000000000000011111111111111100000000001111100
000000000000000000000000110000000000000011100000000000011110000000000000011100000000000000000000
000000000000000000000001111000000000000111110000000000011110000000000000011100000000001000000000
000000000001000000000001111000000000000111110000000000011110000000000000011100000000001000000000
000000000011100000000001111000000000000110110000000000110011000000000000111110000000011100000000
000000000011100000000011111100000000000100010000000000110011000000000000110110000000011100000000
000110000011100000000011001100000000001100011000000000100001000000000001100011000000011100000100
000110000111110000000010000100000000001100011000000000100001000000000001100011000000110110000100
000110000110110000000010000100000000001000001000000001100001100000000001100011000000110111001100
100110000100010000000110000110000000001000001000000001000000100000000001000001000000100011001100
101111000100010000000100000010000000011000001100000001000000100000000011000001100000100011001100
101111001100011000000100000010000000010000000100000001000000100000000011000001110001100011001000
101001001000001000001100000011000000010000000100000011000000110000000010000000110001000001111000
111001001000001000001100000011000000010000000100000010000000010000000010000000110001000000110000
011001011000001100001000000001000000110000000110000010000000010010000110000000110001000000110000
011001011000001100011000000001100000110000000110000010000000010010000100000000011011000000110000
010000111000001100011000000001100000100000000011000110000000010010000100000000001110000000110000
010000110000000110110000000000101001100000000011000110000000010011001100000000001110000000000000
000000110000000110110000000000101001100000000011000100000000000011111100000000001110000000000000
000000110000000111110000000000101111000000000001111100000000000001111000000000001110000000000000
000000100000000011100000000000001111000000000001111100000000000001111000000000000100000000000000
000000100000000011100000000000001111000000000000111000000000000001111000000000000000000000000000
000000000000000011100000000000001111000000000000111000000000000001111000000000000000000000000000
000000100000000011110000000000101111000000000001111100000000000001111000000000001110000000000000
010000110000000110110000000000101001100000000011000100000000000011001100000000001110000000000000
010000011000001100011000000001100000100000000010000010000000010010000100000000011111000000110000
111001001000001000001100000011000000010000000100000010000000010000000010000000110001000000110000
101001001100011000000100000010000000010000000100000001000000100000000011000001110001100011001000
100110000100010000000110000110000000001000001000000001000000100000000001000001000000100011001100
000110000111110000000010000100000000001100011000000000100001000000000001100011000000110110000100
000000000011100000000011111100000000000100010000000000110011000000000000110110000000011100000000
000000000011100000000001111000000000000111110000000000011110000000000000111110000000001000000000
000000000000000000000000110000000000000011100000000000011110000000000000011100000000000000000000
000000000000000000000000000111000000000000011111000000000001110010000000000001100000000000000000
000000000000011000000000000111101000000000011111000000000011110010000000000011110000000010000000
000000000000011000000000001111101000000000011011000000000011010011000000000011110000000010000000
000000000000111000000000001111101000000000110011100000000011000011000000000011111000000010000000
000001000000111110000000001100101000000000110001100000000010000011000000000110011000000111000000
000011000000111110000000011000101100000000100000100000000110000001100000000110011000000111100000
000011000000100110000000011000000100000000100000100000000100000001100000000100001000000101100000
110011100001100111000000010000000100000001100000110000000100000000100000001100001100001101100100
110011100001000111000000010000000100000001000000010000000100000000100000001100000100001101100100
110110100001000001000000110000000110000001000000010000001100000000110000001000000100001000110100
110100100001000001000000100000000010000001000000010000001000000000010000001000000100001000010100
111100110011000001100000100000000010000011000000011000001000000000010000011000000110011000011100
001100010010000000100000100000000010000010000000001000001000000000010000010000000010010000011000
001100010110000000100001100000000011000010000000001000011000000000011000010000000011010000011000
001100011110000000110001100000000011000010000000001000011000000000011000110000000011110000011000
001000011110000000110011000000000001000110000000001100010000000000001100110000000011110000001000
000000001110000000011111000000000001100110000000001100110000000000001111100000000011100000000000
000000001100000000011111000000000001111100000000000111110000000000001111100000000001100000000000
000000001000000000011110000000000000111100000000000111100000000000000111100000000000100000000000
000000000000000000001110000000000000111100000000000111100000000000000111000000000000000000000000
000000000000000000001110000000000000111100000000000111100000000000000111000000000000000000000000
000000001100000000011111000000000001111100000000000111110000000000001111100000000001100000000000
001000011110000000110011000000000001000110000000001100010000000000001100110000000011110000001000
001100010110000000100001100000000011000010000000001000011000000000011000010000000011010000011000
111100110011000001100000100000000010000011000000011000001000000000010000011000000110011000011100
110110100001000001000000110000000110000001000000010000001100000000110000001000000100001000110100
110011100001100111000000010000000100000001100000110000000100000000100000001100001100001101100100
000011000000111110000000011000101100000000100000100000000110000001100000000110011000000111100000
000000000000111100000000001101101000000000110001100000000010000011000000000011011000000110000000
000000000000011000000000000111101000000000011111000000000011110010000000000011110000000010000000
000000000000000000000000000011000000000000001110000000000001110000000000000001100000000000000000
000000000000000000000000000000000000000000000000000000000000000000000000000000011111111111111100
000000000000000000000000000000000000000000000000000000000000000000000000000000011111111111111100
000000000000000000000000000000000000000000000000000000000000000010110110110110111111111111111100
000000000000000000000000000000000000000000000000000000000000000011111111111111111111111110000000
000000000000000000000000000000000000000000000000000000000000000011111111111111101010101010000000
000000000000000000000000000000000000000000000000010010010010010011111111111111100000000000000000
000000000000000000000000000000000000000000000001111111111111110011111111111111100000000000000000
000000000000000000000000000000000000000000000001111111111111110001001001001001000000000000000000
000000000000000000000000000000000000000000000001111111111111110000000000000000000000000000000000
000000000000000000000000000000001111111111111111111111111111110000000000000000000000000000000000
000000000000000000000000000000001111111111111111111111111111110000000000000000000000000000000000
000000000000000000000000000000001111111111111110000000000000000000000000000000000000000000000000
000000000000000001001001001001001111111111111110000000000000000000000000000000000000000000000000
000000000000000011111111111111101111111111111110000000000000000000000000000000000000000000000000
000000000000000011111111111111100000000000000000000000000000000000000000000000000000000000000000
100000000000000000000000000000000000000000000000000000000000000000000000000000000000000000000000
011111000000000000000000000000000000000000000000000000000000000000000000000000000000000000000000
000000111111111100000000000000000000000000000000000000000000000000000000000000000000000000000000
100000000000000011111111111111100000000000000000000000000000000000000000000000000000000000000000
011111000000000000000000000000001111111111111110000000000000000000000000000000000000000000000000
000000111111111100000000000000000000000000000001111111111111110000000000000000000000000000000000
100000000000000011111111111111100000000000000000000000000000000011111111111111100000000000000000
011111000000000000000000000000001111111111111110000000000000000000000000000000011111111110000000
000000111111111100000000000000000000000000000001111111111111110000000000000000000000000001111100
100000000000000011111111111111100000000000000000000000000000000011111111111111100000000000000000
011111000000000000000000000000001111111111111110000000000000000000000000000000011111111110000000
000000111111111100000000000000000000000000000001111111111111110000000000000000000000000001111100
000000000000001011111111111111100000000000000000000000000000000011111111111111100000000000000000
000000000000000000000000000000001111111111111110000000000000000000000000000000011111111110000000
000000000000000000000000000000000000000000000001111111111111110000000000000000000000000001111100
000000000000000000000000000000000000000000000000000000000000000011111111111111100000000000000000
000000000000000000000000000000000000000000000000000000000000000000000000000000011111111110000000
000000000000000000000000000000000000000000000000000000000000000000000000000000000000000001111100
000000000000000000000000000000000000000000000000000000000000000000000000000000000000000000000000
000000101010101011111111111111100000000000000000000000000000000000000000000000000000000000000000
000000111111111111111111111111100000000000000000000000000000000000000000000000000000000000000000
011111111111111110110110110110100000000000000000000000000000000000000000000000000000000000000000
111111111111111100000000000000000000000000000000000000000000000000000000000000000000000000000000
111111111111111100000000000000000000000000000000000000000000000000000000000000000000000000000000
111111111111111100000000000000000000000000000000000000000000000000000000000000000000000000000000
111111111111111110110110110110100000000000000000000000000000000000000000000000000000000000000000
000000111111111111111111111111100000000000000000000000000000000000000000000000000000000000000000
000000000000000011111111111111101111111111111110000000000000000000000000000000000000000000000000
000000000000000000000000000000001111111111111110000000000000000000000000000000000000000000000000
000000000000000000000000000000001111111111111111111111111111110000000000000000000000000000000000
000000000000000000000000000000000000000000000001111111111111110001001001001001000000000000000000
000000000000000000000000000000000000000000000001111111111111110011111111111111100000000000000000
000000000000000000000000000000000000000000000000000000000000000011111111111111111111111110000000
000000000000000000000000000000000000000000000000000000000000000000000000000000011111111111111100
000000000000000000000000000000000000000000000000000000000000000000000000000000010101010101111100
000000000000000000000000000000000000000000000000000000000000000000000000000000011111111111111100
000000000100000000000000000000000000000000000000000000000000000000000000000000011111111011111100
000010000000000000000100010000000000000000000000000000000000000010110110110010011011111111111100
000000000000001101000000000000000000000000000000000000000000000011101111110010011111110110000000
000000101000000010100000000000100000000000000000000000000000000011111101111100101010000010000000
000000000000000000110001000100000000000000000000010010010010010001110110111110000000000000000000
000000000000000000010000000100000000110001010001011111101111010010001010111100100000000000000000
000000000000000000001001000001000000011100101011101101001100110000001001001001000000000000000000
000000000000000000000000000000000101101101000001111011010010000000000000000000000000000000000000
000000000000000000000000000000001111111111111111111111111111110000000000000000000000000000000000
000000000000000000000000000000001111111111111111111111111111110000000000000000000000000000000000
000000000000000000000000000000001011111001000001100000010101100000000000000000000000000000000000
000000000000000000001000001001001101101110000010111000110100100001000001001001000000000000000000
000000000000000010000001000100000001000000110011111011111111100011110001010111000000000000000000
000000000000000000001001000001000000000000000000000000000000000001001111111101100000000000000000
000000101000000010100111101110000000000000000000000000000000000011111111111011101010001010000000
000000000011000010100000000000000000000000000000000000000000000011110101110111111011111010000000
000000101100000000000000000110100000000000000000000000000000000010100100110110111101111110111100
000000000000000000000000000000000000000000000000000000000000000000000000000000011111111111111100
000000000000000000000000000000000000000000000000000000000000000000000000000000011111111101111100
000000000000000000000000000000000000000000000000000000000000000000000000000000010101010101111100
000000000000000000000000000000000000000000000000000000000000000000000000000000011101111111111100
000000000000000000000000000000000000000000000000000000000000000000000000000000011111111111111100
000000000000000000000000000000000000000000000000000000000000000011010111111010111111111111011100
000000000000000000000000000000000000000000000000000000000000000011011111011101111111111110000000
000000000000000000000000000000000000000000000000000000000000000011111111111111101010101010000000
000000000000000000000000000000000000000000000001101111101001110011111111111111100000000000000000
000000000000000000000000000000000000000000000001111111111111110011010111110110000000000000000000
000000000000000000000000000000000000000000000001111111111111110000001001000000000000000000000000
000000000000000000000000000000000000011001011000101100000101100000000000000000000000000000000000
000000000000000000000000000000001111111111111111101100000111010000000000000000000000000000000000
000000000000000000000000000000001111111111111110000000000000000000000000000000000000000000000000
000000000000000011011110011111000110010000010000000000000000000000000000000000000000000000000000
000000000000000011111111111111100101100010001000000000000000000000000000000000000000000000000000
000000100001111100000000100000100110000001100010000000000000000000000000000000000000000000000000
000000111001111000101000100000000000000000000000000000000000000000000000000000000000000000000000
011111100000010000000001100010100000000000000000000000000000000000000000000000000000000000000000
010111010000000000010110000000000000000000000000000000000000000000000000000000000000000000000000
011111000000000000000000000000000000000000000000000000000000000000000000000000000000000000000000
100000000000010000000000000000000000000000000000000000000000000000000000000000000000000000000000
100000000000000000000000000000000000000000000000000000000000000000000000000000000000000000000000
100000000000000000000000000000000000000000000000000000000000000000000000000000000000000000000000
100000000000000000000000000000000000000000000000000000000000000000000000000000000000000000000000
011111000000000000000000000000000000000000000000000000000000000000000000000000010000000000000000
011010000000000000000000000000000000000000000000000000000000000000000000000000010000001000000000
011110000000000000000000000000000000000000000000000000000000000000000000000000001000000000000000
000000110001111100000000000000000000000000000000000000000000000000000100010110100000000000000000
000000111001000100000000000000000000000000000000000000000000000001010000010000000000000000000000
000000000000000010110111010000000000000000000000001001000000000000000000000000000000000000000000
000000000000000000100011011111100000000000000001101110000010000000000000000000000000000000000000
000000000000000000000000000000001111111111111110000000000000000000000000000000000000000000000000
000000000000000000000000000000001111111111111110000000000000000000000000000000000000000000000000
000000000000000000001110101100000000000000000000000010010001100000000000000000000000000000000000
000000000000000000111110010011000000000000000000001001010000000000000000000000000000000000000000
000000000000000000000000000000000000000000000000000000000000000010111111011101100000000000000000
000000000000000000000000000000000000000000000000000000000000000010111111011101100000000000000000
000000000000000000000000000000000000000000000000011011001100110010111111011101100000000000000000
000000000000000000000000000000000000000000000000011011001100110010111111011101100000000000000000
000000000000000000000000000000000010010001000100011011001100110010111111011101100000000000000000
000000000000000000000000000000000010010001000100011011001100110010111111011101100000000000000000
000000000000000000000000000000000010010001000100011011001100110010111111011101100000000000000000
000000000000000000000000000000001111111111111110000000000000000000000000000000000000000000000000
000000000000000000000000000000001111111111111110000000000000000000000000000000000000000000000000
000000000000000001101010101010101001010101010100000000000000000000000000000000000000000000000000
000000111111111111111111111111100000000000000000000000000000000000000000000000000000000000000000
000000111111111111111111111111100000000000000000000000000000000000000000000000000000000000000000
000000000000000000000000000000000101010101010110000000000000000000000000000000000000000000000000
000000000000000000000000000000000101010101010110000000000000000000000000000000000000000000000000
000000000000000000000000000000000101010101010111111111111111110000000000000000000000000000000000
000000000000000000000000000000000101010101010111111111111111110011111111111111100000000000000000
000000000000000000000000000000000101010101010111111111111111110011111111111111100000000000000000
001100001000100000010000001000000001000000010000001000000001000011111111111111100000000000000000
001100001000100000010000001000000001000000010000001000000001000011111111111111100000000000000000
001100001111100000011000011000000001100000110000001100000011000011111111111111100000000000000000
000000000111000000001000010000000000100000100000000100000010000011111111111111100000000000000000
000000000111000000001111110000000000110001100000000110000110000011111111111111100000000000000000
000000000111000000001111110000000000110001100000000110000110000011111111111111100000000000000000
000000000000000000000111100000000000010001000000000010000100000011111111111111100000000000000000
000000000000000000000111100000000000011111000000000011001100000011111111111111100000000000000000
000000000000000000000111100000000000011111000000000011001100000011111111111111100000000000000000
000000000000000000000000000000000000001110000000000001001000000011111111111111100000000000000000
000000000000000000000000000000000000001110000000000001111000000011111111111111100000000000000000
000000000000000000000000000000000000000000000000000000111000000011111111111111100000000000000000
000000000000000000000000000000000000000000000000000000000000000011111111111111100000000000000000
000000101010101011011011011011001111111111111110000000000000000000000000000000000000000000000000
000000101010101011011011011011001111111111111110000000000000000000000000000000000000000000000000
000000101010101011011011011011001111111111111110110110110110110000100100100100100000000000000000
000000101010101011011011011011001111111111111110110110110110110000100100100100100000000000000000
000000100010101011000011011011001111111111111110110000110110110000100000100100100000000000000000
000000100000101011000000011011001111111111111110110000000110110000100000000100100000000000000000
000000100000001011000000000011001111111111111110110000000000110000100000000000100000000000000000
000000100000000011000000000000001111111111111110110000000000000000100000000000000000000000000000
000000000000000000000000000000001111111111111110000000000000000000000000000000000000000000000000
000000000000000000000000000000001111111111111110000000000000000000000000000000000000000000000000
000000000000000000000000000000001111111111111110000000000000000000000000000000000000000000000000
000000000000000001011100111001100000000000000000010000101011000000000000000000000000000000000000
000000001101101100000000000000000000000000000000000000000000000010000000001000000000000000000000
000000001011110100000000000000000000000000000000000000000000000000000000000110000000000000000000
011011000000000000000000000000000000000000000000000000000000000000000000000000000000000000000000
010111000000000000000000000000000000000000000000000000000000000000000000000000010100000100000000
100000000000000000000000000000000000000000000000000000000000000000000000000000000000000000010000
100000000000000000000000000000000000000000000000000000000000000000000000000000000000000000100000
100000000000000000000000000000000000000000000000000000000000000000000000000000000000000000001000
100000000000000000000000000000000000000000000000000000000000000000000000000000000000000000000000
100100000000000000000100000001000000000000000000000000000010000000000000000000000000000000000000
011111000000000000000000000000000000000000000000000000010001000000000000000000000000000100000000
011100110000001000000000000000000000000000000000100000110000010000000000000000000001000000000000
000000111111111100000000000000000100001010001000000000000000000000000001000101000000000000000000
101000110000111000000000000000000101000000000000000000000000000000100000000110100000000000000000
011001011111110101000010010001100000000000000000000000000000000010000100000110000000000000000000
011111000000000011111111111111100000000000000000001111000101010000000000000000000000000000000000
011101011001101010100111101010100000000000000000111001000101100000000000000000000000000000000000
100000111111111100000000000000001111111111111110000000000000000000000000000000000000000000000000
000000111111111100000000000000001111111111111110000000000000000000000000000000000000000000000000
000101000000011010111101110100000000000000000001000101001100000000000000000000000000000000000000
011111000000000011111111111111100000000000000000011010110010100000000000000000000000000000000000
000000110110110101101100000000000000000000000000000000000000000001000100110010100000000000000000
000000100100111100000000000000000001100010010000000000000000000001110001000000100000000000000000
000000111111111100000000000000000100100000000000000000000000000001100011001001000000000000000000
011111100001000000000000000000000000000000000001101000000000000000000000000000000001100000000000
011111000000000000011001100001000000000000000000000000000010000000000000000000000100100000000000
100000000000000000000000000000000000000000000000000100010000000000000000000000000000000001000000
100000000000000000000000000000000000000010000000000000000000000000000000000000000000000000000000
011111111011111111111111111111101111111111111111111111111111110011111111111111111111111111111100
111111111111111111111111111111101101111111111111111111111111110011111111110111111111111111111100
011111111111111111111101111111101111111111111111111111111011110011111111111111111111111111111000
100001111111111110111101111101101111111111111111110111111011010011111111111111111111111111111100
110000111111110111111111111111100110011110101101111111111111110011111111111111111011111111111100
111111000000000011111111111111101110011011010111111111111111110001101100101101011111111111111100
011010010110011011111111111111101001110100100101111111111111110011111010111111011111111111111100
011110111111111100000000000000001111111111111111111001111101110011111111111111111111111111111100
101001111111111100000000000000001111111111111110111100111011000011111111111111111111111111111100
100100001001010111011000010111101111111111111110100111111110000011111111111111111111111111111100
011111000000000011111111111111100000000000000001111111111111110011111111111111111111111111111100
100000101000110111111111111111100000000000000001111111111111110011111111111111111111111111111100
011001111111111100000000000000001111111111111111101110001000110011111111111111111111111111111100
100000111111111100000000000000001111111111111111101010011000110011111111111111111111111111111100
011110011010000011111111110111001111111111111111111111111111110011101111011000111111111111111100
011111000000000011111111111111100111111111111101111111111111110001101011111001111111111111111100
100000111000101011111111111111101111111101111111111111111111110011111111111111110011111011111100
110000011011111011111111111111101111111111111110111111111111010011111111111111111111101111111100
100000111111111101001111111101101111111111111111110100110111110011111111111111111101111111111100
011111111111111111111111011111101111111111111111111111111111110011111111111111111111111111010100
011111111111111111111111111111101111111111111111111111111111110011111111111111111111111111111100
000000000000000000000000000000000000000000000000000000000000000000000000000000000000000001111100
000000000000000000000000000000000000000000000000000000000000000000000000000000000000000001111100
000000000000000000000000000000000000000000000000000000000000000000000000000000011111111110000000
000000000000000000000000000000000000000000000000000000000000000000000000000000011111111110000000
000000000000000000000000000000000000000000000000000000000000000000000000000000011111111110000000
000000000000000000000000000000000000000000000000000000000000000011111111111111100000000000000000
000000000000000000000000000000000000000000000000000000000000000011111111111111100000000000000000
000000000000000000000000000000000000000000000001111111111111110000000000000000000000000000000000
000000000000000000000000000000000000000000000001111111111111110000000000000000000000000000000000
000000000000000000000000000000001111111111111110000000000000000000000000000000000000000000000000
000000000000000000000000000000001111111111111110000000000000000000000000000000000000000000000000
000000000000000000000000000000001111111111111110000000000000000000000000000000000000000000000000
000000000000000011111111111111100000000000000000000000000000000000000000000000000000000000000000
000000000000000011111111111111100000000000000000000000000000000000000000000000000000000000000000
000000111111111100000000000000000000000000000000000000000000000000000000000000000000000000000000
000000111111111100000000000000000000000000000000000000000000000000000000000000000000000000000000
011111000000000000000000000000000000000000000000000000000000000000000000000000000000000000000000
011111000000000000000000000000000000000000000000000000000000000000000000000000000000000000000000
100000000000000000000000000000000000000000000000000000000000000000000000000000000000000000000000
100000000000000000000000000000000000000000000000000000000000000000000000000000000000000000000000
100000000000000000000000000000000000000000000000000000000000000000000000000000000000000000000000
101000000000100000000000001011000000000000000000001100100100000010000000000000100110010000000000
000001011000110000011000100100001110101011100000000001000100010000110100000100101000010000010100
110010110101001100000000110001001101011010101111101110011100110000000100000010101011110000100100
100000110100101010100011011011101001010001000001101111010001010011001000011111111111111111011100
100101110101000111110001010111101100111100111011101111001111110011001110101111101110111110111000
111111110111111111111111110111101101110111101111101111110111110011111011111110010111010111111100
000000000100001000100000010010001000000000000000111000101000000001010001110000000000000101001000
001001001000110010000000010001000000001000010100110000100100000011000100110100100110000100001000
110011011110000001100111101100000010011011111001101100011110010001000100001011010001100001011100
111011010101110000001110110101001110101101101010110110100100010010011000101110011111000000111000
110111010011101010101100101100100001000011101111111101110110100001110100100111111111111111011100
110111111011111101100111011100100111101001110111111111111111100011111111111101011101011111010100
000000010010010000100000010000000000000010000001000001000001100000000000001000100000000100000000
001110010001001010000000001100000100000001000001100000110000000001000000101110011101001000100100
101010001111010001000111011101100100000000000011111000000011010001001011100110000000000001110000
010001010001011100001111101001100001011000011100111001110001000011100000110010111011100000010000
101111111011111111110010101001000111101011110000111111011101110011001011001111111011111011111000
111111101111111111111011011110100011101111110111011110110111110001100101111110111111110111111100
000000101000000000000010010010000000000000000100000001000000000001000000000000000100000000000000
011000000001000000100101010101001001001101111000010000001100010001110000000000010010100100010000
110000011100010010010100100100000110100100110010110010001101000011001100000100010100110001111100
101100110110101010001101001111101100001101000011000100110011110001010101001000100000110001011000
111011101010111110111111110110100001111100111100010100101111110010111101101101101100010001010000
011110001100101111110101111101101111101110110011101111111011100011111101011111011101101101011000
110111111101010101111111111111100111101111011111011111111111110001111111111111101111111101101100
001000001000100000000000010010001000001000000101001100100000100000000000000100000000000010100000
110111100001000011001100011010001001010110100110000111001010100000101110101001011111001010101000
010100110100101000001100101100100000110010101100100100100110110000000111000010010110000011001000
111010001010111111101111110011101100111101110011111101100110100011111011011101010011000111111000
111011111101111111111111111111101111011101111101101101110101110011110110100101111111101011101100
111111111111111111111110111111100011011101111111111111111111100011111101101111111111111111111100
000100001010000000000000000100100100000000000000000000001000000000010000000011010100000100000000
001000100010010110000010000000101100100100100000100110000000000010100001101010101000001100000000
110000100101110011000101001011000001110001000110110000001010100001011001111110000001101110111000
101110111100110110110010111011100010000110101111100110111110010010010000011110001100101011011100
001110001001010110110111111110001110011000111111111111111110100011111111111111101011111001111000
010110010101111111011111011010100111111111111111110111110111110011111110101110111111001111111000
000000000001101000000010100100000000101100011000000000001010000010010010000000001100000000000100
100010010010000010011000000011000101100000011111110101000000000000011001100110000010000101001000
010001001111000000001001011100100011100100100010011100111010000010101010111110000000000110000000
010110010101111010001111011101101100110000111110111010100100100001100100101111000101110101111100
011100110100011110011011011111101100110110101110011110111101110000110001010101110111111111111000
111111111011111011100101101111001111101111000110011111111111100011111111101111111111111111111100
000000000000100000000000000000001000000101000000000000100000010010001010100001100000000100000000
000000000000000000000000000000000000010000000000000000000000000000000000000000000000000000000000
000000000000000000000000000000000000001000000000000000000000000000000000000000000000000000000000
000000000000000000000000000000000000000100000000000000000000000000000000000000000000000000000000
000000000000000000000000000000000000000010000000000000000000000000000000000000000000000000000000
000000000000000000000000000000000000000001000000000000000000000000000000000000000000000000000000
000000000000000000000000000000000000000000100000000000000000000000000000000000000000000000000000
000000000000000000000000000000000000000000010000000000000000000000000000000000000000000000000000
000000000000000000000000000000000000000000001000000000000000000000000000000000000000000000000000
000000000000000000000000000000000000000000000100000000000000000000000000000000000000000000000000
000000000000000000000000000000000000000000000010000000000000000000000000000000000000000000000000
000000000000000000000000000000001000000000000000000000000000000000000000000000000000000000000000
000000000000000000000000000000000100000000000000000000000000000000000000000000000000000000000000
000000000000000000000000000000000010000000000000000000000000000000000000000000000000000000000000
000000000000000000000000000000000001000000000000000000000000000000000000000000000000000000000000
000000000000000000000000000000000000100000000000000000000000000000000000000000000000000000000000
000000000000000000000000000000000000100000000000000000000000000000000000000000000000000000000000
000000000000000000000000000000000000000000000000000010000000000000000000000000000000000000000000
000000000000000000000000000000000000000000000000000001000000000000000000000000000000000000000000
000000000000000000000000000000000000000000000000000000100000000000000000000000000000000000000000
000000000000000000000000000000000000000000000000000000010000000000000000000000000000000000000000
000000000000000000000000000000000000000000000000000000001000000000000000000000000000000000000000
000000000000000000000000000000000000000000000000000000000100000000000000000000000000000000000000
000000000000000000000000000000000000000000000000000000000010000000000000000000000000000000000000
000000000000000000000000000000000000000000000000000000000001000000000000000000000000000000000000
000000000000000000000000000000000000000000000000000000000000100000000000000000000000000000000000
000000000000000000000000000000000000000000000000000000000000010000000000000000000000000000000000
000000000000000000000000000000000000000000000001000000000000000000000000000000000000000000000000
000000000000000000000000000000000000000000000000100000000000000000000000000000000000000000000000
000000000000000000000000000000000000000000000000010000000000000000000000000000000000000000000000
000000000000000000000000000000000000000000000000001000000000000000000000000000000000000000000000
000000000000000000000000000000000000000000000000000100000000000000000000000000000000000000000000
000000000000000000000000000000000000000000000000000010000000000000000000000000000000000000000000
000100000100001001110000000010001000000011100001100100001000000010001000001010100110001010011000
010001100101000101101010000000000010001010100100100101000011010001110101000111011100010010001000
101111110000001010101000001101001111100110010110110001010011100011101111110011000000100100111000
101011111001010001100011111110001111011111010011001100110100100010111111101111111110001110001100
111111111110111111001111111111100111111110011110111111101111100011011111101011111110111110111100
000100000000001000000000000101000101000000000110010000000010000000010000000000001000000000000000
000000000000010100001100011000100000000000001010000001101010010000100001000000000001000010010000
000100011100011000010001011000000001000101100000111011011110100000110000000010000000010000101100
110010010111011000100001011101000100101000110000100110111001110000111011001001010000000101000000
010100101111101001101011011111001001010110101011011011101000010010001011101100010101101110011000
001001001111110111110100011111000111111111011010111111001110010011100011001110100111111111011000
111110111111111111111110111111001110101111111101110101111011110001111011110111110111011111011100
010100000000001000000000000110000001000010000000000000100100110000010001100010100010001010001100
100001010111000101010011111000001001000010100100100100111011000001001100000000001000001000000100
010110011000110111000100100011101000011111011100010010101110000010110100010001011111011111000000
000011110001110010111111100101101001000101011011111100101000010010001100110010100100111110101100
111111111111010000110011101101101111111111111110111110101011110011010111100110110111111011111000
111110110111111101110100110011101111101111111111111111111111110011011111111101111111110011111100
100000000000000000000000000000000000000000000000000000000000000000000000000000000000000000000000
100000000000000000000000000000000000000000000000000000000000000000000000000000000000000000000000
011111000000000000000000000000000000000000000000000000000000000000000000000000000000000000000000
011111000000000000000000000000000000000000000000000000000000000000000000000000000000000000000000
000000111111111100000000000000000000000000000000000000000000000000000000000000000000000000000000
000000111111111100000000000000000000000000000000000000000000000000000000000000000000000000000000
000000111111111100000000000000000000000000000000000000000000000000000000000000000000000000000000
000000000000000011111111111111100000000000000000000000000000000000000000000000000000000000000000
000000000000000011111111111111100000000000000000000000000000000000000000000000000000000000000000
000000000000000000000000000000001111111111111110000000000000000000000000000000000000000000000000
000000000000000000000000000000001111111111111110000000000000000000000000000000000000000000000000
000000000000000000000000000000000000000000000001111111111111110000000000000000000000000000000000
000000000000000000000000000000000000000000000001111111111111110000000000000000000000000000000000
000000000000000000000000000000000000000000000001111111111111110000000000000000000000000000000000
000000000000000000000000000000000000000000000000000000000000000011111111111111100000000000000000
000000000000000000000000000000000000000000000000000000000000000011111111111111100000000000000000
000000000000000000000000000000000000000000000000000000000000000000000000000000011111111110000000
000000000000000000000000000000000000000000000000000000000000000000000000000000011111111110000000
000000000000000000000000000000000000000000000000000000000000000000000000000000000000000001111100
000000000000000000000000000000000000000000000000000000000000000000000000000000000000000001111100
100000111111111100000000000000001111111111111110000000000000000000000000000000011111111110000000
011111000000000011111111111111100000000000000001111111111111110000000000000000000000000001111100
100010001000000000000000000100000000100000000000000000000001000000000100000000000000000010010000
100010001000000000000000000100000000100000000000000000000001000000000100000000000000000010010000
000011001100000000000000000110000000110000000000000000000001100000000110000000010000000010011000
010001000110000000000000000011000000011000000000000000000000110000000011000000011000000000001100
011000000011000000000000000001100000001100000001000000000000010000000001100000001100000001000100
001100000001100010000000000000100000000110000001100000000000000000000000110000000110000001100000
000110000000110011000000000000000000000011000000110000000000000000000000011000000011000000110000
000011000000011001100000000000000000000001100000011000000000000000000000001100000001100000011000
010001000000001100110000000000000000000000110000001100000000000000000000000110000000110000001100
011000100000000100011000000000000000000000011000000110000000000000000000000011000000011001000100
100000000000000000000000000000000000000000000000000000000000000000000000000000000000000000000000
011111000000000000000000000000000000000000000000000000000000000000000000000000000000000000000000
000000111111111100000000000000000000000000000000000000000000000000000000000000000000000000000000
000000000000000011111111111111100000000000000000000000000000000000000000000000000000000000000000
000000000000000000000000000000001111111111111110000000000000000000000000000000000000000000000000
000000000000000000000000000000000000000000000001111111111111110000000000000000000000000000000000
000000000000000000000000000000000000000000000000000000000000000011111111111111100000000000000000
000000000000000000000000000000000000000000000000000000000000000000000000000000011111111110000000
000000000000000000000000000000000000000000000000000000000000000000000000000000000000000001111100
000100000000000000000000000000000000000000000000000000000000000000000000000000000000000000000000
000000000000000000000000000000000000000000000000000000000000000000000000000000000000000000000000
000100000000000000000000000000000000000000000000000000000000000000000000000000000000000000000000
001100110000000000001100000000000000000000001100000011000000000000000000000001100000001101100000
000110011000000000000110000000000000000000000110000001100000000010000000000000100000000110110000
000011001100000000000011000000001000000000000010000000110000000011000000000000010000000010011000
010001000110000000000001100000001100000000000000000000011000000001100000000000011000000000001100
011000000011000000000000110000000110000000000000000000001100000000110000000000001100000001000100
001100000001100000000000011000000011000000000000000000000110000000011000000000000110000001100000
000110000000110000000000001100000001100000000000000000000011000000001100000000000011000000110000
000011000000011000000000000110000000110000000000000000000001100000000110000000000001100000011000
010001000000001100000000000011000000011000000000000000000000110000000011000000000000110000001100
011000100000000100000000000001100000001100000001000000000000010000000001100000000000011001000100
001100110000000010000000000000100000000110000001100000000000000000000000110000000000001101100000
000110011000000011000000000000000000000011000000110000000000000000000000011000000000000110110000
000011001100000001100000000000000000000001100000011000000000000000000000001100010000000010011000
010001000110000000110000000000000000000000110000001100000000000000000000000110011000000000001100
011000000011000000011000000000000000000000011000000110000000000000000000000011001100000001000100
001100000001100000001100000000000000000000001100000011000000000000000000000001100110000001100000
000110000000110000000110000000000000000000000110000001100000000010000000000000100011000000110000
000011000000011000000011000000001000000000000010000000110000000011000000000000000001100000011000
010001000000001100000001100000001100000000000000000000011000000001100000000000000000110000001100
011000100000000100000000110000000110000000000000000000001100000000110000000000000000011001000100
001100110000000000000000011000000011000000000000000000000110000000011000000000000000001101100000
000110011000000000000000001100000001100000000000000000000011000000001100000000000000000110110000
000000000000000000000000000000000000000000000000000000000000000000000000000000000000000000000000
