111111000100000100001110000000101111111111111110100010000000000000111100000000000000000001111100
111111010101010100100101110100100001000011000000000100010000000000000111100000000000000000000000
101010000100010000000100001110000000001000011001111111111111110000100100111100110101001011111100
100101000001000110000000100001101000000001000010000000000100010000000000000111100000000000000000
111111010000010001110000000100001111111111111110010000000000100011100000000000100000000001111100
111111111101010110101100100100100100100000000000011100000000000000000000000000000000000000000000
111111011111010100110101100100100000100100000000000011100000000000000000000000000000000000000000
100100000010100000000010001000000000000100100000000000011100000000000000000000000000000000000000
011111000000101000000000010001000000000000100100000000000011100000000000000000000000000001111100
000001101010101101000000000010000100000000000101100000000000010000000000000000011101010100000000
000000000000000001010010101010100000000000000000000000000000000010101001010101000000000000000000
000000000000000000000000000000000000000000000000000000000000000000000000000000000000000000000000
000000000000000001001010101010100000000000000000000000000000000010100101010101000000000000000000
000000101010101000000000000000000000000000000000000000000000000000000000000000010101010100000000
011111000000000000000000000000000000000000000000000000000000000000000000000000000000000001111100
000000000000000000000000000000000000000000000000000000000000000000000000000000000000000000000000
000000000000000000000000000000000000000000000000000000000000000000000000000000000000000000000000
000000000000000000000000000000000000000000000000000000000000000000000000000000000000000000000000
000000000000000000000000000000000000000000000000000000000000000000000000000000000000000000000000
000000000000000000000000000000000000000000000000000000000000000000000000000000000000000000000000
000000000000000000000000000000000000000000000000000000000000000000000000000000000000000000000000
100000000000000000100100100100100000000000000000000000000000000000100100100100100000000000000000
100000000000000000000000000000001111111111111111111111111111110000000000000000000000000000000000
100000000000000000100100100100100000000000000000000000000000000000100100100100100000000000000000
100000000000000000000000000000001111111111111111111111111111110000000000000000000000000000000000
111111000000000000000000000000000000000000000000000000000000000000000000000000000000000001111100
100000000000000000100100100100100000000000000000000000000000000000100100100100100000000000000000
111111000000000000000000000000000000000000000000000000000000000000100000000000000000000001111100
100000000000000000100100100100100000000000000000000000000000000000100100100100100000000000000000
111111000000000000000000000000000000000000000000000000000000000000000000000000000000000001111100
100000000000000000100100100100100000000000000000000000000000000000100100100100100000000000000000
000000000000000000000000000000001111111111111111111111111111110000000000000000000000000000000000
111111000000000000000000000000001111111111111111111111111111110000000000000000000000000001111100
111111000000000000000000000000000000000000000000000000000000000000000000000000000000000001111100
111111010101010111111111111111101011011011011010110110110110110011111111111111110101010101111100
111111000000000000000000000000001111111111111111111111111111110000000000000000000000000001111100
000000000001000000000001010000000000000011000000000000000000000000000000000000000000000000000000
000000000010100000000000000000000000000100100000000000001000000000000000000000000000000000000000
000010000100000000000000000000000000000000010000000000100000000000000000001000000000000000000000
000001000000000000001000000000000000000000001000000000000000000000000001000000000000000100000000
000000100000000000000000000000000000100000000100000000000000000000000000000000000000100010000000
000000000000000001000000000000000000000000000010000100000000000000000000000000010000000000010000
000000000000000000000000000000001010000000000000000000000000000010001000000000000000000000100000
000000000000000000000000000000000000000000000000110000000000000001010000000000000100000000000000
000000000000000000000000000100000000000000000000000000000000000000100000000000000000000000000000
000000000000010000000000001010000000000000011000110000000000000001010000000000000100000000000000
000000000000101000000000000000001010000000100100000000000001000010001000000000000000000000100000
000001000001000001000000000000000000000000000010000100000100000000000000000001010000000000010000
010000100000000000000001000000001000100000000100000000000000000000000000001000010000100010000000
000001001000000000001000000000000100000100001000000000000000000000000001000000001000001100000000
000010000100000000001000000000000010000000010000000000100000000000000000001000000100000000001000
000000000010100000000000000000000001010100100000000000001000000000010001000000000000000000010000
000000000001000000000001010000000000000011000000000110000000000000001010000000000001000000000000
000000000000000000000000100000000000000000000000000000000000000000000100000000000000000000000000
000000000001000000000001010000000000000011000000000110000000000000001010000000000001000000000000
000100000000000000000010001000000001010000000000000000010100000000010001000000000000000000010000
001000000000010000001000000000000010001000000000000000100010000000000000010000000100000000001000
000000001000001000000000000000000100000100000000000001000001000000000000000000001000001000000000
010000000000000100010001000000001000000000000000000000000000100000000010001000010000000000000100
000001000001000010000000000000000001000000000010000000000100010000000000000001000001000001000000
000000000000101000000000000000000100000000100101001000000001000000000000000000001010000000000000
000000000000011000000000001000000000000000011000110000000000000001010000000000000100000000000000
000000000000000000000000000100000000000000000000000000000000000000100000000000000000000000000000
000000000000000000100100100100100000000000000000000000000000000000000000000000000000000000000000
000000000000000000100100100100100010010010010010000000000000000000000000000000000000000000000000
000000000000000000100100100100100010010010010010010010010010010000000000000000000000000000000000
000000000000000000000000000000000010010010010010010010010010010000100100100100100000000000000000
000000000000000000000000000000000000000000000000010010010010010000100100100100110101010100000000
000000000000000000000000000000000000000000000000000000000000000000100100100100110101010101111100
000000000000000000000000000000000000000000000000000000000000000000000000000000010101010101111100
000000000000000000000000000000000000000000000000000000000000000000000000000000000000000001111100
000000000000000000000000000000000000000000000000000000000000000000000000000000000000000000000000
000000000000000000000000000000000000000000000000000000000000000000000000000000000000000001111100
000000000000000000000000000000000000000000000000000000000000000000000000000000011111111110000000
000000000000000000000000000000000000000000000000000000000000000010110110110110111111111110000000
000000000000000000000000000000000000000000000000110110110110110010110110110110100000000000000000
000000000000000000000000000000001101101101101100110110110110110000000000000000000000000000000000
000000000000000010110110110110101101101101101100000000000000000000000000000000000000000000000000
000000010101010111111111111111100000000000000000000000000000000000000000000000000000000000000000
011111010101010111111111111111100000000000000000000000000000000000000000000000000000000000000000
111111010101010111111111111111100000000000000000000000000000000000000000000000000000000000000000
111111111111111111111111111111100000000000000000000000000000000000000000000000000000000000000000
111111111111111111111111111111100000000000000000000000000000000000000000000000000000000000000000
111111111111111111111111111111100000000000000000000000000000000000000000000000000000000000000000
111111111111111100000000000000000000000000000000000000000000000000000000000000000000000000000000
111111000000000000000000000000000000000000000000000000000000000000000000000000000000000000000000
100000000000000000000000000000000000000000000000000000000000000000000000000000000000000000000000
100000000000000000000000000000000000000000000000000000000000000000000000000000000000000000000000
100000000000000000000000000000000000000000000000000000000000000000000000000000000000000000000000
111111111111111111111111111111101111111111111111111111111111110011111111111111111111111111111100
111111111111111111111111111111101111111111111111111111111111110011111111111111111111111111111100
100000000000000000000000000000000000000000000000000000000000000000000000000000000000000000000000
100000000000000000000000000000000000000000000000000000000000000000000000000000000000000000000000
111111111111111111111111111111101111111111111111111111111111110011111111111111111111111111111100
111111111111111111111111111111101111111111111111111111111111110011111111111111111111111111111100
011111111111111111111111111111101111111111111111111111111111110011111111111111111111111111111100
011111010101010111111111111111101111111111111111111111111111110011111111111111111111111111111100
011111010101010100100100100100101111111111111111111111111111110011111111111111111111111111111100
011111010101010100100100100100101011011011011011111111111111110011111111111111111111111111111100
011111010101010100100100100100101011011011011010110110110110110011111111111111111111111111111100
011111010101010100100100100100101011011011011010110110110110110000100100100100111111111111111100
011111010101010100100100100100101011011011011010110110110110110000100100100100110101010101111100
011111010101010100100100100100101011011011011010110110110110110000100100100100110101010101111100
000000010101010100100100100100101011011011011010110110110110110000100100100100110101010101111100
000000000000000000100100100100101011011011011010110110110110110000100100100100110101010101111100
000000000000000000000000000000001011011011011010110110110110110000100100100100110101010101111100
000000000000000000000000000000000000000000000000110110110110110000100100100100110101010101111100
000000000000000000000000000000000000000000000000000000000000000000100100100100110101010101111100
000000000000000000000000000000000000000000000000000000000000000000000000000000010101010101111100
000000000000000000000000000000000000000000000000000000000000000000000000000000000000000001111100
000000000000000000000000000000000000000000000000000000000000000000000000000000000000000001111100
011111010101010100100100100100101011011011011010110110110110110000100100100100110101010101111100
011111010101010100100100100100101011011011011010110110110110110000100100100100110101010101111100
011111010101010100100100100100101011011011011010110110110110110000100100100100110101010101111100
011111010101010100100100100100101011011011011010110110110110110000100100100100110101010100000000
011111010101010100100100100100101011011011011010110110110110110000100100100100100000000000000000
011111010101010100100100100100101011011011011010110110110110110000100100100100100000000000000000
011111010101010100100100100100101011011011011010110110110110110000000000000000000000000000000000
011111010101010100100100100100101011011011011010000000000000000000000000000000000000000000000000
011111010101010100100100100100100000000000000000000000000000000000000000000000000000000000000000
011111010101010100000000000000000000000000000000000000000000000000000000000000000000000000000000
011111000000000000000000000000000000000000000000000000000000000000000000000000000000000000000000
000000000000000000000000000000000000000000000000000000000000000000000000000000000000000000000000
000000000000000000000000000000000000000000000000000000000000000000000000000000000000000000000000
100000000000000000000000000000000000000000000000000000000000000000000000000000000000000000000000
100000000000000000000000000000000000000000000000000000000000000000000000000000000000000000000000
100000000000000000000000000000000000000000000000000000000000000000000000000000000000000000000000
000000000000000000000000000000100000000000000000000000000000000000000000000000000000000000000000
000000000000000000000000000000000000000000000000000000000000000000000000000000000000000000000000
000000111111111100000000000000000000000000000000000000000000000000000000000000011111111110000000
011111000000000000000000000000000000000000000000000000000000000000000000000000000000000001111100
100000000000000000000000000000000000000000000000000000000000000000000000000000000000000000000000
111111000000000000000000000000000000000000000000000000000000000000000000000000000000000000000000
111111111111111100000000000000000000000000000000000000000000000000000000000000000000000000000000
111111111111111111111111111111100000000000000000000000000000000000000000000000000000000000000000
111111111111111111111111111111100011000001100000000000000000000000000000000000000000000000000000
111111111111111111111111111111100011000001100000001000000100000000011000001100000000000000000000
111111111111111111111111111111100011000001100000001000000100000011111111111111100000000000000000
111111111111111111111111111111100011000001100000001000000100000011111111111111111111111110000000
111111111111111111111111111111101111111111111111111111111111110011111111111111111111111111111100
000000000000000000000000000000000000000000000000000000000000000000000000000000000000000000000000
111111111111111111111111111111101111111111111111111111111111110011111111111111111111111111111100
110010010000010000100000000100100010000000001000010000000000100011100000000000100000000000000000
100101000001000100000000100100100000000001000010000000000100010000000000000111100000000000000000
101010000100010000000100100100000000001000010000000000100010000000000000111100000000000000000000
110100010001000000100100100000000001000010000000000100010000000000000111100000000000000000000000
101001000100000100100100000000101000010000000000100010000000000000111100000000000000000000000000
110010010000010000100000000100100010000000001000010000000000100011100000000000100000000000000000
100101000001000100000000100100100000000001000010000000000100010000000000000111100000000000000000
101010000100010000000100100100000000001000010000000000100010000000000000111100000000000000000000
110100010001000000100100100000000001000010000000000100010000000000000111100000000000000000000000
101001000100000100100100000000101000010000000000100010000000000000111100000000000000000000000000
110010010000010000100000000100100010000000001000010000000000100011100000000000100000000000000000
100101000001000100000000100100100000000001000010000000000100010000000000000111100000000000000000
101010000100010000000100100100000000001000010000000000100010000000000000111100000000000000000000
110100010001000000100100100000000001000010000000000100010000000000000111100000000000000000000000
101001000100000100100100000000101000010000000000100010000000000000111100000000000000000000000000
000000000000000000000000000000000000000000000000000000000000000000000000000000000000000000010000
000000000000000000000000000000000000000000000000000000000000000000000000000000000001000000010000
000000000000000000000000000000000000000000000000000000000000000000000000000000000001000000000000
000000000000000000000000000000000000000000000000000000000000000000000100000000000001000000000000
000000000000000000000000000000000000100000000000000000000000000000000100000000000000000000000000
000000000000000000000000000000000000100000000000000110000000000000000000000000000000000000000000
000000001000000000000000000000000000100000000000000000000000000000000000000000000000000000000000
000000001000000000011000000000000000000000000000000000000000000000000000000000000000000000000000
100000001000000000000000000000000000000000000000000000000000000000000000000000000000000000000000
111000000000000000000000000000000000000000000000000000000000000000000000000000000000000000000000
111111000000000000000000000000000000000000000000000000000000000000000000000000000000000000000000
100000000000000000000000000000000000000000000000000000000000000000000000000000000000000000000000
111111000000000000000000000000000000000000000000000000000000000000000000000000000000000000000000
111111010101010100000000000000000000000000000000000000000000000000000000000000000000000000000000
111111101010101000000000000000000000000000000000000000000000000000000000000000000000000000000000
111111111111111100000000000000000000000000000000000000000000000000000000000000000000000000000000
111111111111111111011011011011000000000000000000000000000000000000000000000000000000000000000000
111111111111111100100100100100100000000000000000000000000000000000000000000000000000000000000000
111111111111111111111111111111100000000000000000000000000000000000000000000000000000000000000000
111111111111111100100100100100100000000000000000000000000000000000000000000000000000000000000000
111111111111111111111111111111101101101101101100000000000000000000000000000000000000000000000000
111111111111111111111111111111100010010010010010000000000000000000000000000000000000000000000000
111111111111111111111111111111101101101101101100100100100100100000000000000000000000000000000000
111111111111111111111111111111101101101101101100100100100100100000000000000000000000000000000000
111111111111111100100100100100100000000000000000000000000000000000000000000000000000000000000000
111111111111111111111111111111101101101101101100100100100100100000000000000000000000000000000000
111111111111111111111111111111101101101101101100100100100100100000000000000000000000000000000000
100000111111111111111111111111101101101101101100100100100100100000000000000000000000000001111100
100000000000000011111111111111101101101101101100100100100100100000000000000000010101010101111100
100000000000000011111111111111101101101101101100100100100100100000000000000000001010101011111100
100000000000000010010010010010001101101101101101111111111111110000000000000000011111111111111100
100000000000000010010010010010001101101101101101111111111111110001101101101101111111111111111100
100000000000000010010010010010001101101101101101111111111111110011111111111111111111111111111100
100000000000000010010010010010001101101101101101111111111111110011111111111111111111111111111100
000000000000000000000000000000000000000000000000000000000000000000000000000000000000000000000000
000000000000000000000000000000000000000000000000000000000000000000000000000000000000000000000000
