100000000000000000000000000000000000000000000000000000000000000000000000000000000000000000000000
011111000000000000000000000000000000000000000000000000000000000000000000000000000000000001111100
000000111111111100000000000000000000000000000000000000000000000000000000000000011111111110000000
000000000000000011111111111111100000000000000000000000000000000011111111111111100000000000000000
000000000000000000000000000000001111111111111111111111111111110000000000000000000000000000000000
000000000000000000010100100100101001111011011010101010110110110000110000100100100000000000000000
000000000000000000001001001001000000110110110111000101101101100001001001001001000000000000000000
000000000000000000000100110010000000011010101100000010110011010010000100100010000000000000000000
000000000000000000000010000100000000001101011000000001011110100000000010010100100000000000000000
000000000001100000000001001000000000000101010000000000101101000000000001010101000000000000000000
000100000010110000000010000100000000001000001000000001000000100000000010001000110001001101110000
000100000010110000000010000100000000001000001000000001000000100000000010001000110001001101110000
