111111000000000000000000000000000000000000000000000000000000000000000000000000000000000001111100
111111010101010100000000000000000000000000000000000000000000000000000000000000010101010101111100
011111111111111100000000000000000000000000000000000000000000000000000000000000011111111111111100
000000111111111111111111111111100000000000000000000000000000000011111111111111111111111110000000
000000000000000011111111111111101111111111111111111111111111110011111111111111100000000000000000
000000000000000010101010101010001111111111111111111111111111110010101010101011000000000000000000
000000000000000000000000000000001111111111111111111111111111110000000000000000000000000000000000
000000000000000000000000000000001111111111111111111111111111110000000000000000000000000000000000
000000000000000000000000000000000110110110110111011011011011010000000000000000000000000000000000
000000000000000000000000000000001011011011011011011011011011010000000000000000000000000000000000
000000000000000000000000000000001011011011011011101101101101100000000000000000000000000000000000
000000000000000000000000000000001101101101101101101101101101100000000000000000000000000000000000
000000000000000000000000000000001101101101101100110110110110110000000000000000000000000000000000
000000000000000000000000000000000110110110110110110110110110110000000000000000000000000000000000
000000000000000000000000000000000110110110110111011011011011010000000000000000000000000000000000
000000000000000000000000000000001011011011011011011011011011010000000000000000000000000000000000
000000000000000000000000000000001011011011011011101101101101100000000000000000000000000000000000
000000000000000000000000000000001101101101101101101101101101100000000000000000000000000000000000
000000000000000000000000000000001101101101101100110110110110110000000000000000000000000000000000
000000000000000000000000000000000110110110110110110110110110110000000000000000000000000000000000
000000000000000000000000000000000110110110110111011011011011010000000000000000000000000000000000
000000000000000000000000000000001011011011011011101101101101100000000000000000000000000000000000
000000000000000000000000000000001011011011011011101101101101100000000000000000000000000000000000
000000000000000000000000000000001001001001001001101101101101100000000000000000000000000000000000
000000000000000000000000000000001001001001001000100100100100100000000000000000000000000000000000
000000000000000000000000000000001001001001001000100100100100100000000000000000000000000000000000
000000000000000000100100100100101001001001001000100100100100100000100100100100100000000000000000
000000010101010100100100100100101001001001001000100100100100100000100100100100110101010100000000
000000010101010100100100100100101001001001001000100100100100100000100100100100110101010100000000
011111010101010100100100100100101001001001001000100100100100100000100100100100110101010101111100
011111101010101010010010010010000100100100100100010010010010010010010010010010001010101011111100
011111010101010101001001001001000010010010010011001001001001000001001001001001010101010101111100
011111010101010100100100100100101001001001001000100100100100100000100100100100110101010101111100
011111101010101010010010010010000100100100100100010010010010010010010010010010001010101011111100
011111010101010101001001001001000010010010010011001001001001000001001001001001010101010101111100
011111010101010100100100100100101001001001001000100100100100100000100100100100110101010101111100
011111101010101010010010010010000100100100100100010010010010010010010010010010001010101011111100
011111010101010101001001001001000010010010010011001001001001000011001001001001010101010101111100
011111010101010100100100100100101001001001001000100100100100100000100100100100110101010101111100
011111101010101010010010010010000100100100100100010010010010010010010010010010001010101011111100
011111010101010101001001001001000010010010010011001001001001000011001001001001010101010101111100
