100000000000000000000000000000000000000000000000000000000000000000000000000000000000000000000000
011111000000000000000000000000000000000000000000000000000000000000000000000000000000000001111100
000000111111111100000000000000000000000000000000000000000000000000000000000000011111111110000000
000000000000000011111111111111100000000000000000000000000000000011111111111111100000000000000000
000000000000000000000000000000001111111111111111111111111111110000000000000000000000000000000000
000000000000000000010100100100101001111011011010101010110110110000110000100100100000000000000000
000000000000000000001001001001000000110110110111000101101101100001001001001001000000000000000000
000000000000000000000100110010000000011010101100000010110011010010000100100010000000000000000000
000000000000000000000010000100000000001101011000000001011110100000000010010100100000000000000000
000000000001100000000001001000000000000101010000000000101101000000000001010101000000000000000000
000100000010110000000010000100000000001000001000000001000000100000000010001000110001001101110000
101010000100001000000100000010000000010000000100000010011000010010000100011000001111001000000000
010001001000000100001010000001000000100110000011000100011000000001111000011000000000000000000000
000000110110000010010011000000001001000110000000111000011000000000000000010000000000000000000000
001000110110000011100011000000001111000110000000111000011000000000000000010000000000000000000000
011000101110000001010011000000000110000110000000000000011000000000000000000000000000000000000000
011000101110000010010011000000000001000110000000010000010000000000000000000000000000000000000000
011000101110000010010011000000001001000110000001001000101000000000010000000000000000000000000000
011000101110000010010011000000001001000110000001001000101000000010010001001000010010000000010000
011010101110010010010011000000001001000110000001001000101000000010010001001000010010100110010000
010010101100010010010010000100001001000110011001001000101001000010010001001000010010100110010000
000000011100000001010010001110000101001100111100101001010101010001001010010000001001001001000100
000000011100000001001110000101000100110100011111100110010010100001000100010000001000001001000100
000000000000000000111100000010101010111000001110110000100001010000100000100000000100010000101000
000000000000000000111100000010101010111000001110110000100001010000100000100000000100010000101000
