100000000000000000000000000000000000000000000000000000000000000000000000000000000000000000000000
111111111111111100000000000000000000000000000000000000000000000000000000000000000000000000000000
111111111111111111111111111111100000000000000000000000000000000000000000000000000000000000000000
111111111111111111111111111111101111111111111111111111111111110000000000000000000000000000000000
111111111111111111111111111111101111111111111111111111111111110011111111111111111111111110000000
111111111111111111111111111111101111111111111111111111111111110011111111111111111111111111111100
000000000000000000000000000000000000010000000000000000000000000000000000000000000000000000000000
000000000000000000000000000000000000010000000000000000000000000000000000000000000000000000000000
000000000000000000000000000000000000011000000000000000000000000000000000000000000000000000000000
000000000000000000000000000000000000011100000000000000000000000000000000000000000000000000000000
000000000000000000000000000000000000011110000000000000000000000000000000000000000000000000000000
000000000000000000000000000000000000011111000000000000000000000000000000000000000000000000000000
000000000000000000000000000000000000011111100000000000000000000000000000000000000000000000000000
000000000000000000000000000000000000011111110000000000000000000000000000000000000000000000000000
000000000000000000000000000000000000011111111100000000000000000000000000000000000000000000000000
000000000000000000000000000000000000011111111110000000000000000000000000000000000000000000000000
000000000000000000000000000000001000011111111110000000000000000000000000000000000000000000000000
000000000000000000000000000000001100011111111110000000000000000000000000000000000000000000000000
000000000000000000000000000000001110011111111110000000000000000000000000000000000000000000000000
000000000000000000000000000000001111011111111110000000000000000000000000000000000000000000000000
000000000000000000000000000000001111111111111110000000000000000000000000000000000000000000000000
000000000000000000000000000000001111101111111110000000000000000000000000000000000000000000000000
000000000000000000000000000000001111100111111110000000000000000000000000000000000000000000000000
000000000000000000000000000000001111100011111110000000000000000000000000000000000000000000000000
000000000000000000000000000000001111100001111110000000000000000000000000000000000000000000000000
000000000000000000000000000000001111100000111110000000000000000000000000000000000000000000000000
000000000000000000000000000000001111100000001110000000000000000000000000000000000000000000000000
000000000000000000000000000000001111100000000110000000000000000000000000000000000000000000000000
000000000000000000000000000000001111100000000010000000000000000000000000000000000000000000000000
000000000000000000000000000000001111100000000000000000000000000000000000000000000000000000000000
000000000000000000000000000000000111100000000000000000000000000000000000000000000000000000000000
000000000000000000000000000000000011100000000000000000000000000000000000000000000000000000000000
000000000000000000000000000000000001100000000000000000000000000000000000000000000000000000000000
000000000000000000000000000000000000100000000000000000000000000000000000000000000000000000000000
000000000000000000000000000000000000000000000000000000000000000000000000000000000000000000000000
000000000000000000000000000000000000000000000000000000000000000000000000000010000000000000000000
000000000000000000000000000000000000000000000000000000000001000000000000000010000000000000000000
000000000000000000000000000000000000000000001000000000000001000000000000000010000000000000000000
000000000000000000000000000010000000000000001000000000000001000000000000000010000000000000000000
000000000000001000000000000010000000000000001000000000000001000000000000000010000000000000000000
000000000000001000000000000011000000000000001000000000000001000000000000000010000000000000000000
000000000000001000000000000011000000000000001010000000000001000000000000000010000000000000000000
000000000000001000000000000011000000000000001011000000000001000000000000000010000000000000000000
000000000000001000000000000011000000000000001011000000000001000001000000000010000000000000000000
000000000000001000000000000011000000000000001011100000000001000001000000000010000000000000000000
000000000000001000000000000011000100000000001011100000000001000001000000000010000000000000000000
000000000000001001000000000011000100000000001011100000000001000001000000000010000000000000000000
000000010000001001000000000011000100000000001011100000000001000001000000000010000000000000000000
000000010000001001010000000011000100000000001011100000000001000001000000000010000000000000000000
000000010000001001010000000011000100100000001011100000000001000001000000000010000000000000000000
000000010000001001010000000011000100100000001011100010000001000001000000000010000000000000000000
000000010000001001010000000011000100100000001011100010000001000001000000000010000000000000000000
000000010000001001010000000011000100100000001011100010000001000001000010000010000000000000000000
000000010000001001010000000011000100100000001011100011000001000001000010000010000000000000000000
000000010000001001010000000011000100101000001011100011000001000001000010000010000000000000000000
000000010000001001010010000011000100101000001011100011000001000001000010000010000000000000000000
000000010010001001010011000011000100101000001011100011000001000001000010000010000000000000000000
000000010010001001010011000011000100101010001011100011001001000001000010001010000000000000000000
000000010010001001010011000011000100101010001011100011001101000001000010001010000000000000000000
000000010010001001010011000011000100101010101011100011001101000001000010001010000000000000000000
000000010010001001010011001011000100101010101011100011001101000001000010001010000000000000000000
000000010010011001010011001011000100101010101011100011001101000001000010001010000000000000000000
100000000000000000000000000000000010001000100010000000000000000000000000000000000000000000000000
100000000000000000000000000000000010001000100010000000000000000000000000000000000000000000000000
100000000000000000000000000000000010001000100010000000000000000000000000000000000000000000000000
100000000000000000000000000000000010001000100010000000000000000000000000000000000000000000000000
100000000000000000000000000000000010001000100010000000000000000000000000000000000000000000000000
100000000000000000000000000000000010001000100010000000000000000000000000000000000000000000000000
100000000000000000000000000000000010001000100010000000000000000000000000000000000000000000000000
100000000000000000000000000000000010001000100010000000000000000000000000000000000000000000000000
