000000000000000000000000000000000000000000000000000000000000000000000000000000000000000000000000
000000000000000000000100000000000000000000000000000000000000000000000000000000000000000000000000
000000000100000000001010000000000000011000000000000000000000000000000000000000000000000000000000
001000001110000000011011000000000000111100000000000011100000000000000000000000000000000000000000
111001001111000000111011110000000011111100000000000011110000000000000110110000000001000000000000
111001001011000000110001110000000011100100000000000011110000000000000110110000000001000000000000
110011000001001001100000110000000111000001100000000011010000000000000110110000000001011000000000
000011000000011011000000010010001110000001100000000000000110000000001110010000000011011000001100
000000000000010010000000000110101000000000110000000000000010000000011000000000000010000000001100
000000000000000000000000000001000000000000010101100000000001000000000000000000001000000110100000
000000000000000000000000000000000000000000000101000000000001110010000000000001011000000010000000
000000000000000000000000000000000000000000000000000000000000110010000000000001010000000000000000
000000000000000000000000000000000000000000000000000000000000110000000000000001010000000000000000
000000000000000000000000000000000000000000000000000000000000100000000000000001010000000000000000
000000000000000000000000000000000000000000000000000000000000000000000000000001010000000000000000
000000000000000000000000000000000000000000000000000000000000000000000000000000010000000000000000
000000000000000000000000000000000000000000000000000000000000000000000000000000100000000000000000
