001000000100000000000100000000000000001000000000000000100000000000000000100000000000010000001000
000100000010000000000010000000000000000100000000000000010000000000000000010000000000001000000100
000010000001000000000001000000000000000010000000000000001000000000000000001000000000000101000000
000001000000100000000000100000000000000001000000000000000100000000000000000100000000000010100000
010000000000010000000000010000000000000000100000000000000010000000000000000010010000000000010000
001000000000001000000000001000000000000000010000000000000001000000000000000001001000000000001000
000100000000000100000000000100000000000000001000000000000000100000000000000000100100000000000100
000010100000000000000000000010000000000000000100000000000000010010000000000000000010000001000000
000001010000000000000000000001000000000000000011000000000000000001000000000000000001000000100000
010000001000000000000000000000101000000000000000100000000000000000100000000000000000110000010000
001000000100000010000000000000000100000000000000010000000000000000010000000000000000001000001000
000100000010000001000000000000000010000000000000001000000000000000001000000000000000000100000100
000010000001000000100000000000000001000000000000000100000000000000000100000000000000000011000000
000001000000100000010000000000000000100000000000000010000000000000000010000000010000000000100000
010000000000010000001000000000000000010000000000000001000000000000000001000000001000000000010000
001000000000001000000100000000000000001000000000000000100000000000000000100000000100000000001000
000100000000000100000010000000000000000100000000000000010000000000000000010000000010000000000100
000010100000000000000001000000000000000010000000000000001000000000000000001000000001000001000000
000001010000000000000000100000000000000001000000000000000100000000000000000100000000100000100000
010000001000000000000000010000000000000000100000000000000010000000000000000010000000000000010000
001000000000000000000000001000000000000000010000000000000001000000000000000001000000000000001000
000100000000000000000000000100000000000000001000000000000000100000000000000000100000000000000100
000010000000000000000000000010000000000000000100000000000000010010000000000000000000000001000000
000001000000000000000000000001000000000000000011000000000000000001000000000000000000000000100000
010000000000000000000000000000101000000000000000100000000000000000100000000000000000000000010000
001000000000000010000000000000000100000000000000010000000000000000010000000000000000000000001000
000100000000000001000000000000000010000000000000001000000000000000001000000000000000000000000100
000010000000000000100000000000000001000000000000000100000000000000000100000000000000000001000000
000001000000000000010000000000000000100000000000000010000000000000000010000000000000000000100000
010000000000000000001000000000000000010000000000000001000000000000000001000000000000000000010000
