000100001000000000100100000000000000111100000000010010000000000000000000000000000011000000001000
101100011010000000001100001000000100110000000000000111000000000000000000000000000010000000010000
000000000000000000001000000000000000000000000000000000000000000000000000000000000000000000000000
000000000000001001000000000000000000001000000000000000000000000000000000000000000000000000000000
101100011110000100111110000000000011111000000000000000000000000000000000000000000000000000000000
000000010000000010000000000000000000001000000000000000000000000000000000000000000000000000000000
000000001000000000001000000000000101111100000000000001000000000000000010000000000001000000010000
000000001000000000000000000000000000000100000000010000000000000000000000000000000000000000000000
101100011110000000111110000000000011111100000000010111000000000000111101000000000011100000011000
101100011110000000111110000000000011111100000000010111000000000000111101000000000011100000011000
101100011110000000111110000000000011111100000000010111000000000000111101000000000011100000011000
101100011110000000111110000000000011111100000000000000000000000000000000000000000000000000000000
101100011110000000111110000000000011111100000000010111000000000000111101000000000011100000011000
101100011110000000111110000000000011111100000000010111000000000000111101000000000011100000011000
101100011110000000111110000000000011111100000000010111000000000000111101000000000011100000011000
101100011110000000111110000000000011111100000000010111000000000000111101000000000011100000011000
101100011110000000111110000000000011111100000000010111000000000000111101000000000011100000011000
000000000000000000000000000000000000000100000000010111000000000000111101000000000011100000011000
101100011110000000111110000000000011111100000000010111000000000000111101000000000011100000011000
101100011110000000111110000000000011111100000000010111000000000000111101000000000011100000011000
101100011110000000111110000000000011111100000000010111000000000000111101000000000011100000011000
101100011110000000111110000000000011111100000000010111000000000000111101000000000011100000011000
101100011110000000111110000000000011111100000000010111000000000000111101000000000011100000011000
101100011110000000111110000000000011111100000000010111000000000000111101000000000011100000011000
101100011110000000111110000000000011111100000000010111000000000000111101000000000011100000011000
101000011000000000111100000000000011110100000000010110000000000000111100000000000000000000000000
101100011110000000111110000000000011111100000000010111000000000000111101000000000011100000011000
000000000010000000000110000000000000011100000000000011000000000000000101000000000011100000011000
101100011110000000111110000000000011111100000000010111000000000000111101000000000011100000011000
101100011110000000111110000000000011111100000000010111000000000000111101000000000011100000011000
101100011110000000111110000000000011111100000000010111000000000000111101000000000011100000011000
100100011010000000111010000000000011101100000000010101000000000000010001000000000010100000011000
101100011110000000111110000000000011111100000000010111000000000000111101000000000011100000011000
000000000000000000000000000000000100010000100000000000000000000000000000000000000000000000000000
101100011010000000001100001000000100110000000000000111000000000000000000000000000010000000010000
100000000010010001000000000000000001010000000000000001000000000000111111000000000011100000111000
000000000000001001000000000000000000001000000000000000000000000000000000000000000000000000000000
101100011110000100111110000000000011111000000000000000000000000000000000000000000000000000000000
000000010000000010000000000000000000001000000000000000000000000000000000000000000000000000000000
000000001000000000001000000000000101111100000000000001000000000000000010000000000001000000010000
000000001000000000000000000000000000000100000000010000000000000000000000000000000000000000000000
101100011110000000111110000000000011111100000000010111000000000000111101000000000011100000011000
101100011110000000111110000000000011111100000000010111000000000000111101000000000011100000011000
101100011110000000111110000000000011111100000000010111000000000000111101000000000011100000011000
001100000110000000011110000000000001111100000000000111000000000000000101000000000000000000000000
101100011110000000111110000000000011111100000000010111000000000000111101000000000011100000011000
101100011010000000000000000000000010000100000000010000000000000000111000000000000011100000011000
101100011110000000111110000000000011111100000000010111000000000000111101000000000011100000011000
101100011110000000111110000000000011111100000000010111000000000000111101000000000011100000011000
101100011110000000111110000000000011111100000000010111000000000000111101000000000011100000011000
101100011110000000111110000000000011111100000000010111000000000000111101000000000011100000011000
000000000000000000000000000000000000000000000000000000000000000000000000000000000000000000000000
000000000000000000000000000000000000000000000000000000000000000000000000000000000000000000000000
000000000000000000000000000000000000000000000000000000000000000000000000000000000000000000000000
000000000000000000000000000000000000000000000000000000000000000000000000000000000000000000000000
000000000000000000000000000000000000000000000000000000000000000000000000000000000000000000000000
101100011110000000111110000000000011111100000000010111000000000000111101000000000011100000011000
101100011110000000111110000000000011111100000000010111000000000000111101000000000011100000011000
101100011110000000111110000000000011111100000000010111000000000000111101000000000011100000011000
101100011110000000111110000000000011111100000000010111000000000000111101000000000011100000011000
101100011110000000111110000000000011111100000000010111000000000000111101000000000011100000011000
