000000000000000000000000000000000000000000000000000000000000000000000000000000000000000001111100
000000000000000000000000000000000000000000000000000000000000000000000000000000010101010101111100
000000000000000000000000000000000000000000000000000000000000000000100100100100110101010101111100
000000000000000000000000000000000000000000000000110110110110110000100100100100110101010101111100
000000000000000000000000000000000100100100100100110110110110110000100100100100110101010101111100
000000000000000011011011011011000100100100100100110110110110110000100100100100110101010101111100
000000101010101011011011011011000100100100100100110110110110110000100100100100110101010101111100
011111101010101011011011011011000100100100100100110110110110110000100100100100110101010101111100
111111101010101011011011011011000100100100100100110110110110110000100100100100110101010100000000
111111101010101011011011011011000100100100100100110110110110110000100100100100100000000000000000
111111111111111111011011011011000100100100100100110110110110110000000000000000000000000000000000
111111111111111111111111111111100100100100100100000000000000000000000000000000000000000000000000
111111111111111111111111111111101111111111111110000000000000000000000000000000000000000000000000
111111111111111111111111111111101111111111111110000000000000000000000000000000000000000000000000
111111111111111111111111111111101111111111111110000000000000000000000000000000000000000000000000
111111111111111111111111111111101111111111111110000000000000000000000000000000000000000000000000
000000000000000000000000000000000000000000000000000000010000000000000000000000000000000000000000
000000000000000000000000000000000000000000000000000000010000000000000000000000000000000000000000
000000000000000000000000000000000000000000000000000000010000000000000000000000000000000000000000
000000000000000000000000000000000000000000000000000000010000000000000000000000000000000000000000
000000000000000000000000000000000000000010000000000000010000000000000000000000000000000000000000
000000000000000000000000000000000000000010000000000000010000000000000000100000000000000000000000
000000000000000000000000100000000000000010000000000000010000000000000000100000000000000000000000
000000000000000000000000100000000000000010000000000000110000000000000000100000000000000000000000
000000000000000000000000110000000000000010000000000000110000000000000000100000000000000000000000
000000000000000000000000110000000000000010000000000001110000000000000000100000000000000000000000
000000000000000000000000111000000000000010000000000001110000000000000000100000000000000000000000
000000000000000000000000111000000000010010000000000001110000000000000000100000000000000000000000
000000000000000000000000111000000000010010010000000001110000000000000000100000000000000000000000
000000000000000000000000111000000000110010010000000001110000000000000000100000000000000000000000
000000000000000000000000111000000000110010010000000001110001000000000000100000000000000000000000
000000000000000000010000111000000000110010010000000001110001000000000000100000000000000000000000
000000000000000000010000111000000000110010010000000001110001000000000000100001000000000000000000
000000000000000000110000111000000000110010010000000001110001000000000000100001000000000000000000
000000000000000000110000111000000000110010010000000001110001100000000000100001000000000000000000
000000000000000000110000111000000010110010010000000001110001100000000000100001000000000000000000
000000000000000000110000111000000010110010010100000001110001100000000000100001000000000000000000
000000000000000000110000111000000010110010010100010001110001100000000000100001000000000000000000
000000000000000000110000111001000010110010010100010001110001100000000000100001000000000000000000
000000000000000000110000111001000010110010010100110001110001100000000000100001000000000000000000
000000000000000000110000111001100010110010010100110001110001100000000000100001000000000000000000
000000000000000000110000111001101010110010010100110001110001100000000000100001000000000000000000
000000000000000000110000111001101010110010010100110001110001100000000000100001000000000000000000
000000000000000000110000111001101010110010010100110001110001100000000000100001000000000000000000
000000011001111111001101000110000100001100001000000000000000000000000000000000000000000000000000
000000011001111111001101000110000100001100001000000000000000000000000000000000000000000000000000
111111100110000000000010000000000000000000000000000000000000000000000000000000000000000000000000
111111100110000000000010000000000000000000000000000000000000000000000000000000000000000000000000
111111100010001000000011000000000000000100000000000000000000000000000000000000000000000000000000
111111100010001110000011000001100000000100000000000000000000000000000000000000000000000000000000
111111100010001110000011000001101000000100000010000000000000000000000000000000000000000000000000
111111100010001110000011000001101000000100000011000000000000000000000000000000000000000000000000
111111100010001110000011000001101000000100000011000000000000000000000000000000000000000000000000
111111100010001110000011000001101000000100000011000000000000000000000000000000000000000000000000
011110100010001010000011000001001000000100000011000000000000000000000000000000000000000000000000
000000011101110001000011000010000100000100000100100000000000010011000000000000001000000000000000
000000000000000000111100111100000010001110001000010000000000100011100000000000100000000000000000
000000000000000000111100111100000010001110001000010000000000100011100000000000100000000000000000
000000000000000000000000000000000001110011111001111001110000110000000000000000000000000000000000
000000000000000000000000000000000000000000000001111111111111110000000000000000000000000000000000
000000000000000000000000000000000000000000000001111111111111110000000000000000000000000000000000
000000000000000000000000000000000000000000000001111111111111110000000000000000000000000000000000
000000000000000000000000000000000000000000000001111111111111110000000000000000000000000000000000
000000000000000000000000000000001111111111111111111111111111110000000000000000000000000000000000
000000000000000011111111111111101111111111111111111111111111110000000000000000000000000000000000
000000000000000011111111111111101111111111111111111111111111110011111111111111100000000000000000
000000111111111111111111111111101111111111111111111111111111110011111111111111100000000000000000
000000111111111111111111111111101111111111111111111111111111110011111111111111111111111110000000
011111111111111111111111111111101111111111111111111111111111110011111111111111111111111110000000
011111111111111111111111111111101111111111111111111111111111110011111111111111111111111111111100
111111111111111111111111111111101111111111111111111111111111110011111111111111111111111111111100
111111111111111111111101111111101111111111111111111111111111110011111111111111111111111111111100
111111111001111111111000111111101111110011111111111111111111110011111111111111111111111111111100
110011110000111111110000011111101111100001111111111110001111110011111111111111111111111111111100
000011100000111111100000011111101111000001111111111100001111110011111111111111111111111111111100
000000000000011111000000001111101110000000111111111000000111110011111000011111111111111111111100
000000000000011111000000001111101110000000111111111000000111110011111000001111111110001111111100
000000000000011110000000001111101100000000111111110000000111110011110000001111111110001111111100
000000000000000000000000000111101000000000011111100000000011110011100000000111111100000111100100
000000000000000000000000000000000000000000001111000000000001110011000000000011111000000011000000
000000000000000000000000000000000000000000000000000000000000110010000000000001110000000000000000
000000000000000000000000000000000000000000000000000000000000000000000000000000000000000000000000
111111111111111111111111111111101111111111111111111111111111110011111111111111111111111111111100
111111111111111111111111111111101111111111111111111111111111110011111111111111111111111111111100
000000100000001000100000000100000001000000010000000100000010000000000100000100000000101000000000
000000100000001000100000010100000001000000110000000100000010000000000100000100000000101000000000
000000100011001000100000010100000001000000110000000100000010000000000100000100000000101000000000
000000100111001000101000010100000001000000110000000100000010000000000100000100000000101000000000
000000100111001000101000010100000001100000110000000100000010000000001100000100000000101000000000
000000100111001000101000010100000001100000110000000100000010000000001100000100000010101000100000
000000100111001000101000010100000001100000110000000100000010000000001100000110000010101011100000
000000100111001000101000010100000001100000110001111111011111110000001100000110000010101011100000
