000000000000000000000000000100000000000000000000000000000000000000000000000000000000000000000000
000000000000000000000000000100000000000000000000000000000000000000000000000000000000000000000000
000000000000010000000000001110000000000000011000000000000000000000000000000000000000000000000000
000000000000010000000000001110000000000000011000000000000000000000000000000000000000000000000000
000010000000111000000000011111000000000000111100000000000011100000000000000000000000000000000000
000010000000111000000000011111000000000000111100000000000011100000000000000000000000000000000000
100111000001111100000000111011100000000001111110000000000111110000000000000111100000000000000000
100111000001111100000000111011100000000001111110000000000111110000000000000111100000000000000000
111111100011101110000001110001101000000011100111000000001111110010000000001111110000000110000000
111111100011101110000001110001101000000011100111000000001111110010000000001111110000000110000000
111111100011101110000001110001101000000011100111000000001111110010000000001111110000000110000000
111101111111000111000011100000101100000111000011100000011100010011000000011111111000001111000100
111101111111000111000011100000101100000111000011100000011100010011000000011111111000001111000100
111101111111000111000011100000101100000111000011100000011100010011000000011111111000001111000100
111111100011101110000001110001101000000011100111000000001110110010000000001111110000000110000000
111111100011101110000001110001101000000011100111000000001110110010000000001111110000000110000000
100111000001111100000000111011100000000001111110000000000111110000000000000111100000000000000000
100111000001111100000000111011100000000001111110000000000111110000000000000111100000000000000000
000010000000111000000000011111000000000000111100000000000011100000000000000000000000000000000000
000010000000111000000000011111000000000000111100000000000011100000000000000000000000000000000000
000000000000010000000000001110000000000000011000000000000000000000000000000000000000000000000000
000000000000010000000000001110000000000000011000000000000000000000000000000000000000000000000000
000000000000000000000000000100000000000000000000000000000000000000000000000000000000000000000000
000000000000000000000000000100000000000000000000000000000000000000000000000000000000000000000000
000000000000000000000000000000000000000000000000000000000000000000000000000000000000000000000000
