000000000000000000000000000000000000100000000000000100000000000000001000000000000000000000000000
000000000000000000001000000000000000100000000000000100000000000000000000000000000000000000000000
001000000100000000001000000000000000100000000000000000000000000000000000000000000000000000000000
101000000100000000001010000000000000000000000000000000000000000000000000000000000000000000000000
101001000100000000000010000000000000000100000000000000000000000000000000000000000000000000000000
000000000000000000000010000000000000000100000000000000010000000000000000000000000000000000000000
000000000000000000000000000000000000000100000000000000010000000000000000010000000000000000000000
000000000000000000000000000000000000000000000000000000011000000000000000010000000000000000000000
000000000000000000000000000000000000000001000000000000001000000000000000010000000000000000000000
000000000000000000000000010000000000000001000000000000001000000000000000000000000000000000000000
000100000000100000000000010000000000000001000000000000000000000000000000000000000000000000000000
001100000000110000000000010000000000000000000000000000000000000000000000000000000000000000000000
001100001000110000000000000010000000000000000000000000000000000000000000000000000000000000000000
000000000000010000000000000010000000000000000100000000000000000000000000000000000000000000000000
000000000000000000000000000010000000000000000100000000000000010000000000000000000000000000000000
000000000000000000000000000000000000000000000100000000000000010010000000000000000000000000000000
000000000000000000000000000000000000000000000001000000000000010010000000000000000000000000000000
000000000000000000000000000000001000000000000001000000000000000010000000000000000000000000000000
000000000000000010000000000000001000000000000001000000000000000000000000000000000000000000000000
000001100000000010000000000000001000000000000000000000000000000000000000000000000000000000000000
000011110000000010000000000000000000000000000000000000000000000000000000000000000000000000000000
000011110000100000010000000000000000000000000000000000000000000000000000000000000000000000000000
000000010000000000010000000000000000100000000000000000000000000000000000000000000000000000000000
000000000000000000010000000000000000100000000000000010000000000000000000000000000000000000000000
000000000000000000000000000000000000100000000000000010000000000000000010000000000000000000000000
000000000000000000000000000000000000000000000000000011000000000000000010000000000000000000000000
000000000000000000000000000000000000001000000000000001000000000000000010000000000000000000000000
000000000000000000000010000000000000001000000000000001000000000000000000000000000000000000000000
001000000010000000000010000000000000001000000000000000000000000000000000000000000000000000000000
011000000011000000000010000000000000000000000000000000000000000000000000000000000000000000000000
011000100011000000000000010000000000000000000000000000000000000000000000000000000000000000000000
000000000001000000000000010000000000000000100000000000000000000000000000000000000000000000000000
000000000000000000000000010000000000000000100000000000000010000000000000000000000000000000000000
000000000000000000000000000000000000000000100000000000000010000000000000000010000000000000000000
000000000000000000000000000000000000000000000000000000000011000000000000000010000000000000000000
000000000000000000000000000000000000000000001000000000000001000000000000000010000000000000000000
000000000000000000000000000010000000000000001000000000000001000000000000000000000000000000000000
000010000000001000000000000010000000000000001000000000000000000000000000000000000000000000000000
000110000000001100000000000010000000000000000000000000000000000000000000000000000000000000000000
000110000010001110000000000000000000000000000000000000000000000000000000000000000000000000000000
000000000000000110000000000000000100000000000000000000000000000000000000000000000000000000000000
000000000000000010000000000000000100000000000000010000000000000000000000000000000000000000000000
000000000000000000000000000000000100000000000000010000000000000000010000000000000000000000000000
