000000000000000000000000000000000000100000000000000100000000000000001000000000000000000000000000
000000000000000000001000000000000000100000000000000100000000000000000000000000000000000000000000
000000000100000000001000000000000000100000000000000000000000000000000000000000000000000000000000
000000000100000000001010000000000000000000000000000000000000000000000000000000000000000000000000
000000000100000000000010000000000000000100000000000000000000000000000000000000000000000000000000
000000000000000000000010000000000000000100000000000000010000000000000000000000000000000000000000
000000000000000000000000000000000000000100000000000000010000000000000000010000000000000000000000
000000000000000000000000000000000000000000000000000000011000000000000000010000000000000000000000
000000000000000000000000000000000000000001000000000000001000000000000000010000000000000000000000
000000000000000000000000010000000000000001000000000000001000000000000000000000000000000000000000
000000000000100000000000010000000000000001000000000000000000000000000000000000000000000000000000
000000000000110000000000010000000000000000000000000000000000000000000000000000000000000000000000
000000000000110000000000000010000000000000000000000000000000000000000000000000000000000000000000
000000000000010000000000000010000000000000000100000000000000000000000000000000000000000000000000
000000000000000000000000000010000000000000000100000000000000010000000000000000000000000000000000
000000000000000000000000000000000000000000000100000000000000010010000000000000000000000000000000
000000000000000000000000000000000000000000000001000000000000010010000000000000000000000000000000
000000000000000000000000000000001000000000000001000000000000000010000000000000000000000000000000
000000000000000010000000000000001000000000000001000000000000000000000000000000000000000000000000
000000100000000010000000000000001000000000000000000000000000000000000000000000000000000000000000
000000110000000010000000000000000000000000000000000000000000000000000000000000000000000000000000
000000110000000000010000000000000000000000000000000000000000000000000000000000000000000000000000
000000010000000000010000000000000000100000000000000000000000000000000000000000000000000000000000
000000000000000000010000000000000000100000000000000010000000000000000000000000000000000000000000
000000000000000000000000000000000000100000000000000010000000000000000010000000000000000000000000
000000000000000000000000000000000000000000000000000011000000000000000010000000000000000000000000
000000000000000000000000000000000000001000000000000001000000000000000010000000000000000000000000
000000000000000000000010000000000000001000000000000001000000000000000000000000000000000000000000
000000000010000000000010000000000000001000000000000000000000000000000000000000000000000000000000
000000000011000000000010000000000000000000000000000000000000000000000000000000000000000000000000
000000000011000000000000010000000000000000000000000000000000000000000000000000000000000000000000
000000000001000000000000010000000000000000100000000000000000000000000000000000000000000000000000
000000000000000000000000010000000000000000100000000000000010000000000000000000000000000000000000
000000000000000000000000000000000000000000100000000000000010000000000000000010000000000000000000
000000000000000000000000000000000000000000000000000000000011000000000000000010000000000000000000
000000000000000000000000000000000000000000001000000000000001000000000000000010000000000000000000
000000000000000000000000000010000000000000001000000000000001000000000000000000000000000000000000
000000000000001000000000000010000000000000001000000000000000000000000000000000000000000000000000
000000000000001100000000000010000000000000000000000000000000000000000000000000000000000000000000
000000000000001110000000000000000000000000000000000000000000000000000000000000000000000000000000
000000000000000110000000000000000100000000000000000000000000000000000000000000000000000000000000
000000000000000010000000000000000100000000000000010000000000000000000000000000000000000000000000
000000000000000000000000000000000100000000000000010000000000000000010000000000000000000000000000
