000000000000000000000110000000000000011100000000000001100000000000000000000000000000000000000000
000000000000000000000011000000000000001110000000000000110000000000000000000000000000000000000000
000000000000000000000001100000000000000111000000000000011000000000000000000000000000000000000000
000000000000000000000000110000000000000011100000000000001100000000000000000000000000000000000000
000000000000000000000000011000000000000001110000000000000110000000000000000000000000000000000000
000000000000000000000000001100000000000000111000000000000011000000000000000000000000000000000000
000000000000000000000000000110000000000000011100000000000001100000000000000000000000000000000000
000000000000000000000000000011000000000000001110000000000000110000000000000000000000000000000000
000000000000000000000000000001101000000000000111000000000000010000000000000000000000000000000000
000000000000000000000000000000001000000000000011100000000000010011000000000000000000000000000000
000000000000000000000000000000000000000000000001100000000000000011100000000000001100000000000000
000000000000000000000000000000000000000000000000000000000000000001110000000000001110000000100000
000000000000000000000000000000000000000000000000000000000000000000011000000000000111000000110000
000000000000000000000000000000000000000000000000000000000000000000001110000000000011100000010000
000000000000000000000000000000000000000000000000000011000000000000000111000000000001100000000000
000000000000000000000000000000000000011000000000000011100000000000000011000000000000000000000000
000000000000000000000110000000000000011100000000000001100000000000000000000000000000000000000000
000000000110000000000111000000000000001100000000000000000000000000000000000000000000000000000000
001100000111000000000011000000000000000000000000000000000000000000000000000000000000000000000000
101110000011100000000000000000000000000000000000000000000000000000000000000000000000000000000000
100111000000111000000000000000000000000000000000000000000000000000000000000000000000000000000000
000011000000011100000000000011000000000000000000000000000000000000000000000000000000000000000000
000000000000001100000000000011100000000000000110000000000000000000000000000000000000000000000000
000000000000000000000000000001101000000000000111000000000000010000000000000000000000000000000000
000000000000000010000000000000101100000000000011100000000000000000000000000000000000000000000000
000000000000000011000000000000001110000000000000110000000000000000000000000000000000000000000000
000000000000000001100000000000000111000000000000011000000000000000000000000000000000000000000000
000000000000000000110000000000000011100000000000001100000000000000000000000000000000000000000000
000000000000000000011000000000000001110000000000000110000000000000000000000000000000000000000000
000000000000000000001100000000000000111000000000000011000000000000000000000000000000000000000000
