100000000000000000000000000000000000000000000000000000000000000000000000000000000000000001111100
100000000000000000000000000000000000000000000000000000000000000000000000000000000000000001111100
011111000000000000000000000000000000000000000000000000000000000000000000000000000000000000000000
011111000000000000000000000000000000000000000000000000000000000000000000000000000000000000000000
100000000000000000000000000000000000000000000000000000000000000000000000000000000000000000000000
100000000000000000000000000000000000000000000000000000000000000000000000000000000000000000000000
100000000000000000000000000000000000000000000000000000000000000000000000000000000000000000000000
100000000000000000000000000000000000000000000000000000000000000000000000000000000000000000000000
011111000000000000000000000000000000000000000000000000000000000000000000000000000000000000000000
011111000000000000000000000000000000000000000000000000000000000000000000000000000000000000000000
011111000000000000000000000000000000000000000000000000000000000000000000000000000000000000000000
000000111111111100000000000000000000000000000000000000000000000000000000000000000000000000000000
000000111111111100000000000000000000000000000000000000000000000000000000000000000000000000000000
000000000000000011111111111111100000000000000000000000000000000000000000000000000000000000000000
000000000000000011111111111111100000000000000000000000000000000000000000000000000000000000000000
000000000000000000000000000000001111111111111110000000000000000000000000000000000000000000000000
000000000000000000000000000000001111111111111110000000000000000000000000000000000000000000000000
000000000000000000000000000000000000000000000001111111111111110000000000000000000000000000000000
000000000000000000000000000000000000000000000001111111111111110000000000000000000000000000000000
000000000000000000000000000000000000000000000001111111111111110000000000000000000000000000000000
000000000000000000000000000000000000000000000000000000000000000011111111111111100000000000000000
000000000000000000000000000000000000000000000000000000000000000011111111111111100000000000000000
000000000000000000000000000000000000000000000000000000000000000000000000000000011111111110000000
000000000000000000000000000000000000000000000000000000000000000000000000000000011111111110000000
000000000000000000000000000000000000000000000000000000000000000000000000000000000000000001111100
000000000000000000000000000000000000000000000000000000000000000000000000000000000000000001111100
000000000000000000000000000000000000000000000000000000000000000000000000000000000000000001111100
000000000000000000000000000000000000000000000000000000000000000000000000000000000000000001111100
000000000000000000000000000000000000000000000000000000000000000000000000000000000000000001111100
000000000000000000000000000000000000000000000000000000000000000000000000000000000000000001111100
000000000000000000000000000000000000000000000000000000000000000000000000000000000000000001111100
000000000000000000000000000000000000000000000000000000000000000000000000000000000000000001111100
000000000000000000000000000000000000000000000000000000000000000000000000000000000000000001111100
000000000000000000000000000000000000000000000000000000000000000000000000000000000000000001111100
000000000000000000000000000000000000000000000000000000000000000000000000000000000000000001111100
000000000000000000000000000000000000000000000000000000000000000000000000000000000000000001111100
000000000000000000000000000000000000000000000000000000000000000000000000000000000000000001111100
000000000000000000000000000000000000000000000000000000000000000000000000000000000000000001111100
000000000000000000000000000000000000000000000000000000000000000000000000000000000000000001111100
000000000000000000000000000000000000000000000000000000000000000000000000000000000000000001111100
000000000000000000000000000000000000000000000000000000000000000000000000000000000000000001111100
000000000000000000000000000000000000000000000000000000000000000000000000000000000000000001111100
000000000000000000000000000000000000000000000000000000000000000000000000000000000000000001111100
000000000000000000000000000000000000000000000000000000000000000000000000000000000000000001111100
000000000000000000000000000000000000000000000000000000000000000000000000000000000000000001111100
000000000000000000000000000000000000000000000000000000000000000000000000000000000000000001111100
000000000000000000000000000000000000000000000000000000000000000000000000000000000000000001111100
