011111000000000000000000000000000000000000000000000000000000000000000000000000000000000000000000
111111000000000000000000000000000000000000000000000000000000000000000000000000000000000000000000
011111111111111100000000000000000000000000000000000000000000000000000000000000000000000000000000
100000111111111100000000000000000000000000000000000000000000000000000000000000000000000000000000
011111101010101011011011011011000000000000000000000000000000000000000000000000000000000000000000
011111010101010100100100100100101011011011011010000000000000000000000000000000000000000000000000
011111010101010100100100100100100110110110110110000000000000000000000000000000000000000000000000
000000101010101011011011011011001111111111111110000000000000000000000000000000000000000000000000
000000000000000011111111111111100000000000000000000000000000000000000000000000000000000000000000
000000111111111100000000000000001111111111111110000000000000000000000000000000000000000000000000
000000111111111100000000000000001011011011011010110110110110110000000000000000000000000000000000
000000101010101000100100100100101011011011011010110110110110110000100100100100100000000000000000
000000101010101000100100100100100000000000000000110110110110110000100100100100110101010100000000
000000111111111100000000000000001011011010011010000000000000000000100100100100110111011110000000
000000010101010100000000000000000110110110110110000000000000000010010010010010001110111010000000
011111000000000000000000000000001011011011011010000000000000000001101101101101100000010001111100
011111000000000010010010010010000000000000000000010010010010010000000000000000001010101011111100
011111010101010100100100100100101001001001001000100100100100100010110110110110111111111110000000
011111101010101001001001001001000010010010010011001001001001000001001001001001010101010100000000
011111101010101010010010010010000100100100100100010010010010010010010010010010001010101010000000
000000010101010100100100100100101001001001001000100100100100100000100100100100100000000000000000
000000101010101001001001001001000010010010010011001001001001000000000000000000000000000000000000
000000010101010110010010010010000100100100100100010010010010010000000000000000000000000000000000
000000101010101000100100100100101001001001001000100100100100100000000000000000000000000000000000
011111101010101001001001001001000010010010010011001001001001000000000000000000000000000000000000
000000000000000010010010010010000100100100100100010010010010010000000000000000000000000000000000
000000000000000000100100100100101001001001001000100100100100100000000000000000000000000000000000
000000000000000001001001001001000010010010010011001001001001000000000000000000000000000000000000
000000000000000010010010010010000100100100100100010010010010010000000000000000000000000000000000
000000000000000000100100100100101001001001001000100100100100100000000000000000000000000000000000
000000101010101001001001001001000010010010010011001001001001000000000000000000000000000000000000
000000101010101000100100100100100010010010010010010010010010010000000000000000000000000000000000
000000000000000000000000000000001111111111111110000000000000000000000000000000000000000000000000
000000000000000001001001001001000010010010010011001001001001000000000000000000000000000000000000
000000000000000000100100100100100010010010010010010010010010010000000000000000000000000000000000
000000000000000000000000000000001111111111111110000000000000000000000000000000000000000000000000
000000000000000001001001001001000010010010010011001001001001000000000000000000000000000000000000
111111010101010100100100100100100000000000000001001001001001000000000000000000001010101010000000
011111101010101010010010010010001001001001001001001001001001000010010010010010000000000000000000
000000111111111101001001001001001111111111111110010010010010010000100100100100100000000000000000
000000000000000011111111111111100000000000000001111111111111110000000000000000000000000000000000
000000111111111100000000000000001111111111111110000000000000000011111111111111100000000000000000
000000111111111100000000000000000000011111100001111110000011110000000000011000000000000000000000
011111000000000011111111111111100000000000000001111111111111110000000000000000011111111110000000
100000111111111100000000000000000000000000000000000000000000000011111111111111100000000001111100
011111000000000000000000000000000000000000000000000000000000000000000000000000011111111110000000
100000010101010100000000000000000000000000000000000000000000000000000000000000000000000001111100
011111000000000000100100100100100000000000000000000000000000000000000000000000010101010101111100
011111000000000000100100100100100000000000000001001001001001000000000000000000001010101010000000
000000000000000000100100100100100000000000000001001001001001000000000000000000001010101010000000
000000000000000000000000000000000000000000000001001001001001000000000000000000001010101010000000
000000000000000000000000000000000000000000000000000000000000000010010010010010000000000001111100
000000000000000000000000000000000000000000000000000000000000000000000000000000010101010100000000
000000000000000000000000000000000000000000000000000000000000000000000000000000000000000001111100
000000000000000000000000000000000000000000000000000000000000000000000000000000001010101010000000
000000000000000000000000000000000000000000000000000000000000000010010010010010000000000000000000
000000000000000000000000000000000000000000000000010010010010010000000000000000000000000000000000
000000000000000000000000000000000100100100100100000000000000000000000000000000000000000000000000
000000000000000010010010010010000000000000000000000000000000000000000000000000000000000000000000
000000010101010100000000000000000000000000000000000000000000000000000000000000000000000000000000
