000000000000000000000000000000000000000000000000000000000000000000000000000000000000000001111100
000000000000000000000000000000000000000000000000000000000000000000000000000000010101010101111100
000000000000000000000000000000000000000000000000000000000000000000100100100100110101010101111100
000000000000000000000000000000000000000000000000110110110110110000100100100100110101010101111100
000000000000000000000000000000000100100100100100110110110110110000100100100100110101010101111100
000000000000000011011011011011000100100100100100110110110110110000100100100100110101010101111100
000000101010101011011011011011000100100100100100110110110110110000100100100100110101010101111100
011111101010101011011011011011000100100100100100110110110110110000100100100100110101010101111100
111111101010101011011011011011000100100100100100110110110110110000100100100100110101010100000000
111111101010101011011011011011000100100100100100110110110110110000100100100100100000000000000000
111111111111111111011011011011000100100100100100110110110110110000000000000000000000000000000000
111111111111111111111111111111100100100100100100000000000000000000000000000000000000000000000000
111111111111111111111111111111101111111111111110000000000000000000000000000000000000000000000000
111111111111111111111111111111101111111111111110000000000000000000000000000000000000000000000000
111111111111111111111111111111101111111111111110000000000000000000000000000000000000000000000000
111111111111111111111111111111101111111111111110000000000000000000000000000000000000000000000000
000000000000000000000000000000000000000000000000000000010000000000000000000000000000000000000000
000000000000000000000000000000000000000000000000000000010000000000000000000000000000000000000000
000000000000000000000000000000000000000000000000000000010000000000000000000000000000000000000000
000000000000000000000000000000000000000000000000000000010000000000000000000000000000000000000000
