100110000000000000000000000000000000100010000000000000100000000000000100000000000000000010000000
000001000000000000000000000010000000000000000000000000000000000000000000000000000000000000000000
010100000001000000000000000000000000000000000000001001000000000000000000000000000001000000000000
001001000000000000000000000000000010000000000010000000000000000010000000000000000000000001000000
000000010011001000000000000000000000000110000000000000000000000000000000000000000000000000000000
000000100100100100010000000000100000000000000000000000000000000000000000000000000000000000000000
000000000001000000110001100011000000001000000000000000000000000000000000000000000100000100000000
000010000000000010001110011000100000000000000000000000000000000000100000000000000000000000001000
000000000000000000000100000000000001100111001110000000000010010000000000000000001000000000000000
000000010000000000000000000000001100011000110010000000010000000000000000000000000000000000000000
000000000000001000000000000010000000000000010000000100011000110000000000000000000000000000000000
000000001000000000000010000000000001100000000000111001100011000000000000000000000000000000000000
000000000000010000000000000000000000000000000000000000000000000010000100011000100001000000000000
000000000000000000000000000000000100000000000000000000000000000001100011000110000000000000000000
000000000000100000001000010000000000000000010000000000000000000000000000000000010001001000100000
000000100000000000000000000000000000000000000000000001000000000000000000000001000100110110000000
000000000010001000010000000000100000000000000011000000000010000000100000000000000000010001010000
000000000000000010000000000100000000001000000000000110000000000001000000000000000000000000101000
000000000000010000000110000010000000000000000000010000100000100000000000000000000000000000010000
000000000000100001010000000100000100001000000010000000001000000000001000001000000000000100000000
000000000000010000101010000000101100000000000100000000000010000001010000001000100000011000000100
001000000000000000000000100010000000000001000000000000101000000000000000000100000000000001000000
000000000000100010000000000000000000000000000001000000000000010000000000100001000010000000000000
010000111000000010100100000000000000000000000000010100000000000010000000010000000000000000000000
000100001000000010001010000000000000000000000000100010000000000000010000000100000101100000100000
000100100100010000000000010001001000000000001000100000000100000000000010000000000000000010011000
000000000000000001000000010000000100000001000000010100001000000010000000000000000000000011001000
001100000000000010000000100010000000000001000101010000100010000000000001010000010000100100010000
000011000000000000000000000000000110000010000100000000001000000000001000000000100000000000000000
000000100000000000100000100110000000000000010000100100010000000000000000100000000100000000000000
100000000000100000010010000000000001000000001000000001000100000000000010000000000001000001010000
000000000000000000000000000100000000001000000000100010000010000010000010000000000000010000000000
000010000010000000100010000000000000000000010000010000010100010000000000000000000000000000000000
000001000000000010000000000000000010000010001000000010000010000000000000000000000000000000000000
000001000000000000001000000110000100010000001000000000000000000000001000000000000001000000000000
000100000000010000000000010000000000000001001010000000000000000000000000000001100100010000001000
000000000000001001000000000000000000000000000010000000000000000000000000011000000000000000000000
000000000000000000000001000000000010001010000000000000000000000000000000000010000000000000100000
000010010000000000000010000101000000000000010000000000000000010010100000000000000000100000001000
000000001000000000001000000000001000000000010010000110000000000000100011000010000000000000000000
000000000100000100000000001000000100000001000000000000000001000001100000000000001000000000001000
000000000000000000000000000000000000000100001000010000000000000000010000000000000000000000000000
000000100000000010001000000000000100000000000000000000000000100000010000000000000000000000000100
100001000000010001000000000000101000100000010000000000000000000000001010000000001000000000000000
000000000010000000000000000000000000000101010000000000000000000001000000000001000100000000000000
000000000000000000000100000000000000000100000010000000000000000000000000000001000000000000000000
000010000001000001001000011010000001000000000010000000100000000000000001000100000000000000010000
010000000000000000100010000000000010000000000000100000000000000000000000000000000001000000000000
010000000001000000000000000010100000100100000000000001001000000001000000000100010000000000000000
000000000000000000000000010000001000000001000000000001011010000001000000000001000000000000000000
000000000000000010000001000000000100001000000000000000001100000000000000011000010000000000010000
000000000000000000000000000000000000100000000000001000000000000000000000000001000000000000000000
000000000000000000000001000100000000010000000000010000000001000000000100010000000000001011000000
100000000000000000000000000100001000000000000000000000000000000010000000000000001000000000100000
000000000010000000000000000000000000001000000000000100000000000000101001000000000010000000000000
000000010000010010010000000000000000010000000000000000111010000000000000100000000000000000000000
000000010000000000101000000000000010000000000000000000000000000010001100000000000000000000000000
000000010000001000000001000100000000000000010000010000000100000001000011001001000000000000000000
000000000000000000011000000000000000000000000110011000000100000000001000000000000000010000000000
100000000000001000000001001000000000000000000000000000000001000000000100000000100010000010000000
000000000000001000110001000000000000000010000000000000000001000000000010000000010001000000000000
010100010101000000010100000000001000000000000000000000000000000010000000000001110000100000000000
000000001000100000000000011011000001010000000000000001100000100000000000000000000000000000000000
100001000010000000000000000101000000000000000100000000000000000000000000010000000000000000000000
000000000000000000000000000000000100001000001000000000100000000000000000010000000000000100000100
000000000000000000000000010100000000000001000001000100000000000000000000010010000000000000001000
001001001000000000010000010000000101000000010000000010100000010000000000000000000000000000000000
000000000000010100010001001000000000000000000001000000100100000010000000001000000000010100000000
000000000000100000000000000100000000000010000000000000001000000001000000000001000000000000000000
000000000000000010000000000000000000000100000000000000000011010000100000100000000000000000000000
100000000000000100001000000010000000000100010000000000000000000000000000000000000000000011000000
011111000000000000000000000000000000000000000000000000000000000000000000000000000000000000000000
000000000000000011111111111111100000000000000000000000000000000000000000000000000000000000000000
000000000000000000000000000000001111111111111110000000000000000000000000000000000000000000000000
000000000000000000000000000000000000000000001000000000000000000011111111111111100000000000000000
000000000000000000000000000000000000000000001000000000000001000000000000000000000000000001111100
000000000000000000000000000000000000000000001000000000000001000000000000000001000000000000000000
000000000000000000000000000100000000000000001000000000000001000000000000000001000000000000000000
000000000000000000000000000100000000000000001000000000000001100000000000000001000000000000000000
000000000000000000000000000110000000000000001000000000000001100000000000000001000000000000000000
000000000000010000000000000110000000000000001000000000000001100000000000000001000000000000000000
000000000000010000000000000110000000000000001000000000000001000000000000000001000000000010000000
000000000000010000000000000110000000000000001000000000000001000000000000000011000000000010000000
000000000000010000000000000110000000000000001000000000000000000000000000000001000000000010000000
011111000000010000000000000100000000000000000000000000000000000000000000000001000000000010000000
000010111111111100000000000000000000000000000000000000000000000000000000000001010000000010000000
000010000000011000000000000000001111111111111110000000000000000000000000000000000000000010000000
000010000000011000000000000000000000000000000000000000000000000011111111111111100000000010000000
000010000000010000000000000000000000000000000000000000000000000000000000000000000000000011111100
000010000000000000000000000000000000000000000000000000000000000000000000000000000000000011000000
100010000000000000000000000000000000000000000000000000000000000000000000000000000000000011000100
100010000000000000000000000000000000000000000000000000000000000000000000000000000000000001000100
100010000000000000000000000000000000000000000000000000000000000000000000000000000000000001000100
100011000000000000000000000000000000000000000000000000000000000000000000000000000000000001000100
100011000000000000000000000000000000000000000000000000000000000000000000000000000000000001000100
100010000000000000000000000000000000000000000000000000000000000000000000000000000000000000000000
100000000000000000000000000000000000000000000000000000000000000000000000000000000000000000000000
100000000000000000000000000000000000000000000000000000000000000000000000000000000000000000000000
100000111111111100000000000000000000000000000000000000000000000000000000000000000000000000010000
111000000000000000000000000000001111111111111110000000000000000000000000000000000000000000011000
111000000000000000000000000000000000000000000000000000000000000011111111111111100000000000011000
111000000000000000000000000000000000000000000000000000000000000000000000000000011111111110010000
111000000000000000000000000000000000000000000000000000000000000000000000000000000000000000010000
111000001000000000000000000000000000000000000000000000000000000000000000000000000000000000010000
001000001000000000000000000000000000000000000000000000000000000000000000000000000000000000010000
001000001000000000000000000000000000000000000000000000000000000000000000000000000001000000010000
000000001000000000000000000000000000000000000000000000000000000000000000000000000001100000010000
000000001000000000000000000000000000000000000000000000000000000000000000000000000001100000010000
000000001100000000001000000000000000000000000000000000000000000000000000000000000001000000010000
000000001000000000001000000000000000000000000000000000000000000000000100000000000001000000000000
100000001000000000001000000000000000000000000000000010000000000000000110000000000001000000000000
000000111111111100011000000000000000100000000000000010000000000000000110000000000001000000000000
000000001000000000001000000000001111111111111110000010000000000000000110000000000001000000000000
000000000000000000001000000000000000110000000001111111111111110000000110000000000001000000000000
000000000000000000001000000000000000110000000000000010000000000000000110000000011111111110000000
000000000000000000001000000000000000110000000000000010000000000000000100000000000000000000000000
000000000000000000001000000000000000100000000000000010000000000000000100000000000000000000000000
000000000000000000001000000000000000100000000000000010000000000000000000000000000000000000000000
000000000000000000000000000000000000100000000000000010000000000000000000000000000000000000000000
000000000000000000000000000000000000000000000000000010000000000000000000000000000000000000000000
000000000000000000000000000000000000000000000000000010000000000000000000000000000000000000000000
000000000000000000000000000000000000000000000000000000000000000000000000000000000000000000000000
000000000000000000000000000000000000000000000000000000000000000000000000000000000000000000000000
111111000000000000000000000000000000000000000000000000000000000000000000000000000000000000000000
111100011111100000000000000000000000000000000000000000000000000000000000000000000000000000000000
011100011111100000111111110000000000000000000000000000000000000000000000000000000000000000000000
000000011111100000111111110000000001111111100000000000000000000000000000000000000000000000000000
000000000000000000111111110000000001111111100000000111111100000000000000000000000000000000000000
000000000000000000000000000000000001111111100000000111111100000000000111111100000000000000000000
000000000000000000000000000000000000000000000000000111111100000000000111111100000001111100000000
000000000000000000000000000000000000000000000000000000000000000000000011011000000001111100011100
000000000000000000000000000000000000000000000000000000000000000000000000000000000000101000011100
000000000000000000000000000000000000000000000000000000000000000000000000000000001010000011111100
000000000000000000000000000000000000000000000000000000000000000011011000000011011110000011100000
000000000000000000000000000000000000000000000001001000000001000011111000000011111110000011100000
000000000000000000000000000000001010000000011011111000000011110011111000000011110100000000000000
000000000000000000000000000100101110000000011111111000000011110000100000000000100000000000000000
000000000000010111000000001111101110000000011110000000000000000000000000000000000000000000000000
000011100000011111000000001111100000000000000000000000000000000000000000000000000000000000000000
100011100000011100000000000000000000000000000000000000000000000000000000000000000000000000000000
111111000000000000000000000000000000000000000000000000000000000000000000000000000000000000000000
111100001010100000000000000000000000000000000000000000000000000000000000000000000000000000000000
011100011111100000111111110000000000000000000000000000000000000000000000000000000000000000000000
000000011111100000111111110000000001111111100000000000000000000000000000000000000000000000000000
000000000000000000111111110000000001111111100000000111111100000000000000000000000000000000000000
000000000000000000000000000000000001111111100000000111111100000000000111111100000000000000000000
000000000000000000000000000000000000000000000000000111111100000000000111111100000001111100000000
000000000000000000000000000000000000000000000000000000000000000000000111111100000001111100011100
000000000000000000000000000000000000000000000000000000000000000000000000000000000001111100011100
000000000000000000000000000000000000000000000000000000000000000000000000000000000000000001111100
000000000000000000000000000000000000000000000000000000000000000000000000000000011110000011100000
000000000000000000000000000000000000000000000000000000000000000011111000000011111110000011100000
000000000000000000000000000000000000000000000001111000000011110011111000000011111110000010000000
000000000000000000000000000000001110000000011111111000000011110011111000000011100000000000000000
000000000000000011000000001111101110000000011111111000000011110000000000000000000000000000000000
000000100000011111000000001111101110000000011110000000000000000000000000000000000000000000000000
000011100000011111000000001111100000000000000000000000000000000000000000000000000000000000000000
100011100000011100000000000000000000000000000000000000000000000000000000000000000000000000000000
111111000000000000000000000000000000000000000000000000000000000000000000000000000000000000000000
111100011111100000000000000000000000000000000000000000000000000000000000000000000000000000000000
011100011111100000111111110000000000000000000000000000000000000000000000000000000000000000000000
000000011111100000111111110000000001111111100000000000000000000000000000000000000000000000000000
000000000000000000111111110000000001111111100000000111111100000000000000000000000000000000000000
000000000000000000000000000000000001111111100000000111111100000000000111111100000000000000000000
000000000000000000000000000000000000000000000000000111111100000000000111111100000001111100000000
000000000000000000000000000000000000000000000000000000000000000000000111111100000001111100011100
000000000000000000000000000000000000000000000000000000000000000000000000000000000001111100011100
000000000000000000000000000000000000000000000000000000000000000000000000000000000000000001111100
000000000000000000000000000000000000000000000000000000000000000000000000000000011110000011100000
000000000000000000000000000000000000000000000000000000000000000011111000000011111110000011100000
000000000000000000000000000000000000000000000001111000000011110011111000000011110100000000000000
000000000000000000000000000100101110000000011111111000000011110011111000000011100000000000000000
000000000000010111000000001111101110000000011110110000000010110000000000000000000000000000000000
000011100000011111000000001111100100000000000100000000000000000000000000000000000000000000000000
100011100000011111000000001011000000000000000000000000000000000000000000000000000000000000000000
111111100000001000000000000000000000000000000000000000000000000000000000000000000000000000000000
111101101010101101011000001001000000000100100100000100000001000010010010000100000100000001000100
011100011111100000011011011010000001000110010001001000000101000010000010001001111111001010010000
000110111111100100111111110100100001111111100000111010010000010000000000000100010010001110000000
000111010101100001111111110000000001111111100100011111111110000001001000000001010000100000000000
010000010111101010001100010000101011111111110001001111111101000000010111111101110000110000010000
000000000100010000000100010010000011010000001000000111111100100000000111111101000001111100000000
000000000111000000100010100100001011001110001010111100000100000000001111111100000001111101011100
000000001000000000000000000000000000000000000000000011010100000010100000100101010111111110011100
001000000010000000000001100100001000100000100110100000001001000000000001011011000100000001111100
010000000100010001000100000100000010001000100010000000010001010000000001100010111110000111111000
010110000001000000000010000001001000001100010100010000011010100011111001010011111111100011100000
010010001110000000001001000000000001001010010001111010101011110011111011010011111110010010000100
010000000100001010100111001000001110000100011111111010000011110011111100000011111110000010100000
100000000010000011000000011111101110000000011111111001000011110010001100010010000100000000000000
011000100010011111000100101111101110111000011111001000000000000010000000010000000000001010001000
000011100000011111110100011111100000000001101100001001010000100000001011010000001101100111110000
100011100000111100000000000000000000100100000000000010001100000001000010000010000100000100001000
111111000100100100100010000000000000011000100000000001000010000010001001000000000000000000001000
111110111111110110010100000010001000010100111100100100000111010001000000010000110000111000000100
011100111111110001111111111011100000000100101000010100001010110000101000000010101000000100100000
000000011111100100111111110000001011111111110100111101001000000010000001000000100001001001001000
001000000000100110111111110010001001111111111001100111111110000000000010000000011000000000000000
100000110101000110100000000001000001111111100000000111111100000010001111111100100000000000000000
010000001000000100000000100010000000000001000100010111111100000000000111111100000001111110010000
111000000000000100001001100101001000010100000010110000011110100010010111111101000101111100111100
000001000100000100011100010000000000001100000000000010000000010010100001001010000001111110011100
001000000000000100100000000000001010000101011000000010100000100001100100001000000101000011111100
000000000000100010010000000101000000100000100000100000000001100000111000000001011110001011110000
101000100010000010100000000010101000110100100000010100001000000011111001000011111110010011110000
000000000000010001000000101001001000000000000011111111000111110011111110000011111110000010101000
000101011000010000000010100111101110000111111111111000010011110011111100001011100000000001000000
000001001001110111000000001111101110110000111111111000000011110000101000100000101001100010000000
101000100000011111101101001111101111000010011110001001100000010001010000000000011000100000110000
001011100100011111100001001011100000000000001000000000000000010000000000010000000000010000000000
101111100000001000000010000000000010000100000000000000000010000000001001000001100100100100000000
111111001011101110111000100100001001010000000010000001000000100010101100000110010001001100110000
011100011111100001111011110000000001100000100110001110000010000010001001000000100010100001101000
000001011111100110111111110000000101111111101010000000000000000000000100001000001000000000011000
001000011101000110111111111100000101111111100000000111111101000000000000101000000010010010010000
011101000011101000100101100001001101111111111010101111111100000000000111111111011000110000111000
000000110010000010110010000111001001000000000000001111111100100001001111111101000001010100011100
001001000100000001000000000000000001000000011010100000000100000011000111111101000001111110111100
001100000100001011000000011100100000001000000000010110000000000001000000000011000001111100011100
101111000000000000000000000001000000110101100000010000100000100000010001000000011100010101111100
011100010100010101010000000010000000000000000011010000000010000001100000001000011110000011111000
000000000000000000000110000001000100000101100000000001000000100011111000000011111110000011101000
101000000000000000110010000001100011101000010001111000101011110011111111100111111110000010000000
010000000000000000010010101000001110011100011111111000000011110011111001010011100001000000001000
000010100100010011000000001111101111101100011111111011000011110011001000111100010010000001000000
000100110110011111010110001111101110110100011110000000011000010001001010000001001000110110010000
100011100100011111010000001111100001001101001000000001000100010000010000001100000000000010000000
100011110000111110001100000111100010011000011001110000000010000010010100000000101000000100011000
111111000010000110011100001001000001100000110000100000110000100000101001110110100010011000000000
000000000000000000000000000000000000000000000000000000000000000000000000000000000000000000000000
110000010000000001110000000000000011000000000000011100000000000000011000000000000010000000000000
110000011000000000111000000000000001100000000000001110000000000000001100000000000011000000010000
001000001100000000011100000000000000110000000000000111000000000000000110000000000001100000010000
001000001100000000001110000000000000111000000000000011000000000000000111000000000001100000010000
001000000110000000000110000000000000011100000000000001100000000000000011100000000000110000001000
000000000010000000000011000000000000001110000000000000110000000000000001110000000000010000001000
000100000011000000000001100000000000000111000000000000011000000000000000110000000000011000001000
000100000001000000000001110000000000000011000000000000011100000000000000011000000000001000000000
000100000001100000000000111000000000000001100000000000001110000000000000001100000000001100000100
000010000000110000000000011100000000000000110000000000000111000000000000000110000000000110000100
000010000000110000000000001110000000000000111000000000000011000000000000000111000000000110000100
000010000000011000000000000110000000000000011100000000000001100000000000000011110000000011000000
000000000000001000000000000011000000000000001110000000000000110010000000000001110000000001000000
000001000000001100000000000001101000000000000111000000000000010010000000000000111000000001000000
000001000000000110000000000001101000000000000011100000000000010011000000000000001000000000000000
000001100000000111000000000000101100000000000001110000000000000001100000000000001100000000100000
110000110000000011100000000000000110000000000000111000000000000000110000000000000110000000100000
110000110000000001110000000000000111000000000000011000000000000000111000000000000110000000100000
110000011000000000110000000000000011100000000000001100000000000000011100000000000011000000010000
000000001000000000011000000000000001110000000000000110000000000000001110000000000001000000010000
001000001100000000001100000000000000111000000000000111000000000000000110000000000001100000010000
001000000100000000001110000000000000011000000000000011100000000000000011000000000000100000000000
001000000110000000000111000000000000001100000000000001110000000000000001100000000000110000001000
000100000011000000000011100000000000000110000000000000111000000000000001110000000000011000001000
000100000011000000000001100000000000000111000000000000011000000000000000111000000000011000001000
000100000001100000000000110000000000000011100000000000001100000000000000011100000000001100000100
000000000000100000000000011000000000000001110000000000000110000000000000001110000000000100000100
000010000000110000000000001100000000000000110000000000000111000000000000000110000000000110000100
000010000000010000000000001110000000000000011000000000000011100000000000000011000000000010000000
000010000000011000000000000111000000000000001100000000000001110000000000000001110000000011000000
000001000000001100000000000011100000000000000111000000000000110010000000000001111000000001000000
000001000000001100000000000001101000000000000111000000000000010011000000000000111000000001000000
000001100000000110000000000000101100000000000011100000000000000011100000000000001100000000100000
000000100000000011000000000000001110000000000000110000000000000001110000000000000100000000100000
110000110000000001100000000000000110000000000000111000000000000000110000000000000110000000100000
110000011011000001110110000101000011000000000000011100100110010000111000100101011011110111001000
111001111100000000111000000110001001100110000000001110001001010000001101010001000011100000011000
001001101110010011011100100010101100110100001000010111100000000010101111010010000101100011010000
011000001101001011001100110110100011111000010000011011000000000000010111000000000001110100010000
101010000110000000000110000001101001011101010100000011100011000000010011100001101101110010101000
100100010111010010101011100100001000001111000010010000111001000011100111110100111011110100011000
110100011011011000010011101000000100000110000010000101111010100000011111110100100000111001001000
110100000001000100001111110000001000001011001000000001011100000000100010011100000011001000010000
001110000101110000010100111100000100010001100101000000001111000000000100101110000001101100000100
000110010000110000000000011100000100010110110011000000000111000010000110001110001111001110011100
000010000100110110000000111110101000000000111000000000000011000000100001010111000000100110000100
101010010000011100011100001110100010001000011110111000000101100010000001001011110100111011010100
100100000100001000000000000011100010000010001110100001110000110010100010000001110010001001110000
001001100100001100001000100011100000001000000111101001001001110010000000000110111100000001001000
001011100100010110000010001001101000000101001011100000110000010011000011000011101010000001010100
111101100101101111000000101001101101010001010101110000000000000001100100000000011100010110110000
110000110001001011100000010001001110001001010000111001000000100001110000010000101110000101110100
111010110010000101100011100000101111010000010101011000101110000011111100000110000110000000100000
110000011000101001110100010000000111110000100001001101000000100001011110000010100011100000010000
110000111000101010011000000010001101110001001000010110000011010000101111001010000001011000110000
001000011110011000011101010001100000110100000101011111010101000011100110101010100001100010010100
111000000110100110001110000001000000011000110000000111101010000011001011000000010000101110101100
011101000110100100010111000000000011001100010001000101111100000000000011100100100101111000011100
000100100010000001100011010010100100001110010100010000110100010010000001110000001000010010101100
000100001011001000100101100010000110001111011000100100011100010001100011111101100000011100001000
000111100001100011000001110101001101000111100100001001101100110000101001011101010000001110001100
100010100010111110111000011001100000000001110010000001000110000000000000011110000100000100011100
001011001100111001011010011110000000010100110100000111010111000001100010100110000000100111000100
010011011010010000100000001111000001000100011011010001110011110001100100000011001000000010110000
111010010000011000010010001111000001001000001110000010000101110000000100000001111000011011100100
100100011100101100000100000011000000110001001110000000010010110010001100000001110100000011010000
010101010010001110010001100001101001001001010111100000010100110011000011011001111010100101000000
100001100000100110010000000001101110000000011011100001000000100011100110000000111110000000100000
010000101010001011000000000000001110000100010001110000001100000001111001101000000100001000100100
111000110000000111110010101001100110000000000000111001000000010000110100000001100110100000100000
000000000000000000000000000000000000000000000000000000000000000000000000000000000000000000000000
000000000000000000000000000000000000000000000000000000000000000000000000000000000000000000000000
111111000000000000000000000000000000000000000000000000000000000000000000000000000000000000000000
111100011111100000000000000000000000000000000000000000000000000000000000000000000000000000000000
011100011111100000111111110000000000000000000000000000000000000000000000000000000000000000000000
000000011111100000111111110000000001111111100000000000000000000000000000000000000000000000000000
000000000000000000111111110000000001111111100000000111111100000000000100100100000000000000000000
000000000000000000000000000000000001111111100000000111111100000000000111111100000001010100000000
000000000000000000000000000000000000000000000000000111111100000000000111111100000001111100000000
000000000000000000000000000000000000000000000000000000000000000000000011011000000001111100011100
000000000000000000000000000000000000000000000000000000000000000000000000000000000000101000011100
000000000000000000000000000000000000000000000000000000000000000000000000000000001010000011111100
000000000000000000000000000000000000000000000000000000000000000011011000000011011110000011100000
000000000000000000000000000000000000000000000001111000000011110011111000000011111110000010000000
000000000000000000000000000000001110000000011111111000000011110011111000000011110100000000000000
000000000000000011000000001111101110000000011111111000000011110000100000000000100000000000000000
000000000000010111000000001111101110000000011110000000000000000000000000000000000000000000000000
000011100000011111000000001111100000000000000000000000000000000000000000000000000000000000000000
100011100000011100000000000000000000000000000000000000000000000000000000000000000000000000000000
111111000000000000000000000000000000000000000000000000000000000000000000000000000000000000000000
111110011111100010000010000010001100100000000001100000010100010010110000001100000100001000000000
011100111111100000111111110001000000010001000000100000000101000001101000110000000000000110001000
001010011111100000111111110001000001111111101000000100010000000010000010100000100000100001010000
100000000001000010111111110000100001111111100011000111111111100000010000001000010001000000000000
111000100100000000000100100100000101111111100000010111111101000010010111111110001001100010010000
001100011011000000000010111000100010001000100100001111111100010000100111111110100001111100011000
000000001000010000011110010000000001001010010001100000101000010001011111111100001101111100011100
000000000000100000011101100000001010001000100101000000000110010001000000010010000111111100011100
000000011010000000100001101100000000101000100000010000000000000000000000010110000110000001111100
000100111001010000010000100111000001000110101010000101001100000000001000000000111110000111111000
010101000000110000010110010100000100010100001100000100001000000011111101010011111110000011101100
000000101110001000000100100001000000100100001001111000000011110011111001010111111111000011000000
000010100010100000000101000001001110000000011111111010000111110011111000011111100000100001000100
000010100000001111000000011111101111000100111111111000010111110000000000010000100000001010000000
000001100000011111010110011111101110001100011110010001000010000001100100000000000010001000100100
001011100010011111000100001111100001000000000000100100001001000001000100000100101000000101000000
110011110101011110000100010100000010011000000000101001100001000000011010010000011100001111001000
000000000000000000000000000000000000000000000000000000000000000000000000000000000000000000000000
000000000000000000000000000000000000000000000000000000000000000000000000000000000000000000000000
110000011000000000111000000000000001100000000000001110000000000000001100000000000011000000010000
001000000110000000000110000000000000011100000000000001100000000000000011100000000000110000001000
000100000001000000000001110000000000000011000000000000011100000000000000011000000000001000000000
000010000000110000000000001110000000000000111000000000000011000000000000000111000000000110000100
000001000000001100000000000001101000000000000111000000000000010010000000000000111000000001000000
110000110000000011100000000000000110000000000000111000000000000000110000000000000110000000100000
000000001000000000011000000000000001110000000000000110000000000000001110000000000001000000010000
001000000110000000000111000000000000001100000000000001110000000000000001100000000000110000001000
000100000001100000000000110000000000000011100000000000001100000000000000011100000000001100000100
000010000000010000000000001110000000000000011000000000000011100000000000000011000000000010000000
000001000000001110000000000001101000000000000111000000000000010011000000000000111000000001000000
110000110000000001100000000000000111000000000000111000000000000000110000000000000110000000100000
001000001100000000011100000000000000110000000000000111000000000000001110000000000001100000010000
000000000010000000000011000000000000001110000000000000110000000000000001110000000000010000001000
000100000001100000000000111000000000000001100000000000001110000000000000001100000000001100000100
000010000000011000000000000110000000000000011100000000000001100000000000000011110000000011000000
000001000000000110000000000001101000000000000011100000000000010011000000000000001000000000000000
110000110000000001100000000000000111000000000000011000000000000000111000000000000110000000100000
111000001100011001001100110001001000110100001000000111000000000010001110000011000001100001010000
000100000011000000001011110000000000000110000110100001111010000001100011110010010000011000001000
000000000000101010010000011000000110010101110010000000000110110010010010111110000010100100001100
000011100100111001010101011111000100000000101111000010000011110010010000100001110000000011001100
101001110001000110100101010001101111111100000011110001001011010011110100000100111100000000101000
110001011000001001110000100000000011000000100010111100101000100001011100100100000010000001011000
101100001101000101001100001110000010111010100100010011101010000000111111010011101001110000010000
010111001011101001111111111000000100110110000010000001111111010011110001110010010101111001111000
010000010010111000110001011001001000000101110000000111000110010011001001101110010100110100001100
111001001010001101110010101011000000000101101111000111000101110010101110011001110110001011010100
011011111100001111110011101110101100101110101011111001111110110001111000101100011101111000101000
111110011100010011111001011000100011100010111011111110011101010000111100110100001011110001011000
101101000110011010111111011111001101111101011101101011101110100010010111011100100010110111110000
000110100111001001110101111101101110100111101000010001111111000011101010111110101111011101111000
001111111110111010000111111101001011110111110011101011111111110011000011110110011111011110111100
111011001011101111110111101111000000101001011111111010101011110011111111110011110110101111100100
111011111011011111110110011111101100111111011111110001110101010001110101011011101111101111111000
000000000000000000000000000000000000000000000000000000000000000000000000000000000000000000000000
000000000000000000000000000000000000000000000000000000000000000000000000000000000000000000000000
000000000000000000000000000000000000000000000000000000000000000000000000000000000000000000000000
000000000000000000000000000000000000000000000000000000000000000000000000000000000000000000000000
000000000000000000000000000000000000000000000000000000000000000000000000000000000000000000000000
000000000000000000000000000000000000000000000000000000000000000000000000000000000000000000000000
000000000000000000000000000000000000000000000000000000000000000000000000000000000000000000000000
000111000000000000000000000000000000000000000000000000000000000000000000000000000000000000000000
000000000000000000000000000000000000000000000000000000000000000000000000000000000000000000000000
000000000000000000000000000000000000000000000000000000000000000000000000000000000000000000000000
000000000000000000000000000000000000000000000000000000000000000000000000000000000000000000000000
100000000000000000000000000000000000000000000000000000000000000000000000000000000000000000000000
000000000000000000000000000000000000000000000000000000000000000000000000000000000000000000000000
000000000000000000000000000000000000000000000000000000000000000000000000000000000000000000000000
000000000000000000000000000000000000000000000000000000000000000000000000000000000000000000000000
000000000000000000000000000000000000000000000000000000000000000000000000000000000000000000000000
000000000000000001111111111111100000000000000000000000000000000000000000000000000000000000000000
000000000000000000000000000000000000000000000000000000000000000000000000000000000000000000000000
000000000000000000000000000000000000000000000000000000000000000000000000000000000000000000000000
000000000000000000000000000000000000000000000000000000000000000000000000000000000000000000000000
000000000000000000000000000000000000000000000000000000000000000000000000000000000000000000000000
000000000000000000000000000000000000000000000000000000000000000000000000000000000000000000000000
000000000000000000000000000000000000000000000000000000000000000000000000000000000000000000000000
000000000000000000000000000000000000000000000000000000000000000000000000000000000000000000000000
000000000000000000000000000000000000000000000000000000000000000000000000000000000000000000000000
000000110111110100000000000000000000000000000000000000000000000000000000000000000000000000000000
000000000000000000000000000000000000000000000000000000000000000000000000000000000000000000000000
000000000000000000000000000000000000000000000000000000000000000000000000000000000000000000000000
000000000000000000000000000000000000000000000000000000000000000000000000000000000000000000101100
000000011110011100000000000000000000000000000000000000000000000000000000000000000000000000000000
000000000000000000000000000000000000000000000000000000000000000000000000000000000000000000000000
000000000000000000000000000000000000000000000000000000000000000000000000000000000000000000000000
000000000000000000000000000000000000000000000000000000000000000000000000000000000000000000000000
000000000000000000000000000000000000000000000000000000000000000000000000000000000000000000000000
000000000000000000000000000000000000000000000000000000000000000000000000000000010111111110000000
000000000000000000000000000000000000000000000000000000000000000000000000000000000000000000000000
000000000000000000000000000000000000000000000000000000000000000000000000000000000000000000000000
000000000000000000000000000000000000000000000000000000000000000001110011100111100000000000000000
000000000000000000000000000000000000000000000000000000000000000000000000000000000000000000000000
000000000000000000000000000000000000000000000000000000000000000000000000000000000000000000000000
000000000000000000000000000000000000000000000000000000000000000000000000000000000000000000000000
000000000000000000000000000000000000000000000000000000000000000000000000000000000000000000000000
000000000000000000000000000000000000000000000000000000000000000000000000000000000000000000000000
000000000000000000000000000000000000000000000000000000000000000000000000000000000000000000000000
000000000000000000000000000000000000000000000000000000000000000000000000000000000000000000000000
000000000000000000000000000000000000000000000000000000000000000000000000000000000000000000000000
000000000000000000000000000000000000000000000000000000000000000000000000000000000000000000000000
000000111100111100000000000000000000000000000000000000000000000000000000000000000000000000000000
000000000000000000000000000000000000000000000000000000000000000000000000000000000000000000000000
000000000000000000000000000000000000000000000000000000000000000000000000000000000000000000000000
000000000000000000000000000000000000000000000000000000000000000000000000000000000000000000000000
011011000000000000000000000000000000000000000000000000000000000000000000000000000000000000000000
000000000000000000000000000000000000000000000000000000000000000000000000000000000000000000000000
000000000000000000000000000000000000000000000000000000000000000000000000000000000000000000000000
000000000000000000000000000000000000000000000000000000000000000000000000000000000000000000000000
000000000000000000000000000000000000000000000000000000000000000000000000000000011100001010101100
000000000000000000000000000000000000000000000000000000000000000000000000000000011011001101111100
000000000000000000000000000000000000000000000000000000000000000000000000000000011011110011101100
000000000000000000000000000000000000000000000000000000000000000000000000000000011110110110111100
000000000000000000000000000000000000000000000000000000000000000000000000000000011101011110110100
000000000000000000000000000000000000000000000000000000000000000000000000000000011111011101101100
000000000000000000000000000000000000000000000000000000000000000001011010011011011111001011111100
000000000000000000000000000000000000000000000000000000000000000011011011011011011000011011111100
000000000000000000000000000000000000000000000000000000000000000001101101111111111100111100000000
000000000000000000000000000000000000000000000000000000000000000001001111110101111101010110000000
000000000000000000000000000000000000000000000000000000000000000010110111111101111110111110000000
000000000000000000000000000000000000000000000000000000000000000010011111111011101100101110000000
000000000000000000000000000000000000000000000000000000000000000000011111111001010101010100000000
000000000000000000000000000000000000000000000000000000000000000011110111110111100000000000000000
000000000000000000000000000000000000000000000001001001001001000011001101011011100000000000000000
000000000000000000000000000000000000000000000001101111111010000010111011101101100000000000000000
000000000000000000000000000000000000000000000001000101111111010011111111111111100000000000000000
000000000000000000000000000000000000000000000001101111100011000011111011110111100000000000000000
000000000000000000000000000000000000000000000000011111110011110011001111110110100000000000000000
000000000000000000000000000000000000000000000001111111111110110000100100000100100000000000000000
000000000000000000000000000000000000000000000001111010101111100000100100000100100000000000000000
000000000000000000000000000000000000000000000000111110100111110000000000000000000000000000000000
000000000000000000000000000000000000000000000001110101111011010000000000000000000000000000000000
000000000000000000000000000000000000000000000001110101111001110000000000000000000000000000000000
000000000000000000000000000000001111111011111111011011101111110000000000000000000000000000000000
000000000000000000000000000000001110111011111111111111111111110000000000000000000000000000000000
000000000000000000000000000000001111011110110110111111111010110000000000000000000000000000000000
000000000000000000000000000000001111101101011001110101111111110000000000000000000000000000000000
000000000000000000000000000000001101111110110110000000000000000000000000000000000000000000000000
000000000000000000000000000000000111111110111010000000000000000000000000000000000000000000000000
000000000000000000000000000000001101111101011110000000000000000000000000000000000000000000000000
000000000000000000100000100100101110111111101110000000000000000000000000000000000000000000000000
000000000000000000100100100000000111001111110110000000000000000000000000000000000000000000000000
000000000000000000000000000110101100111110111110000000000000000000000000000000000000000000000000
000000000000000010111011110101101011111111111010000000000000000000000000000000000000000000000000
000000000000000000001101010111101111011111101100000000000000000000000000000000000000000000000000
000000000000000011010110111110101111111011101000000000000000000000000000000000000000000000000000
000000000000000010110111011011100000000000000000000000000000000000000000000000000000000000000000
000000000001010011111010111111100000000000000000000000000000000000000000000000000000000000000000
000000010001010100100011101011100000000000000000000000000000000000000000000000000000000000000000
000000111111111100111110011111100000000000000000000000000000000000000000000000000000000000000000
000000111111111100111001000111100000000000000000000000000000000000000000000000000000000000000000
000000101100111010101110110101100000000000000000000000000000000000000000000000000000000000000000
000000011111111001010001101010100000000000000000000000000000000000000000000000000000000000000000
011011111111101111001000011010000000000000000000000000000000000000000000000000000000000000000000
010111111111011110011011011011000000000000000000000000000000000000000000000000000000000000000000
110111110111111100000000000000000000000000000000000000000000000000000000000000000000000000000000
111100101111011000000000000000000000000000000000000000000000000000000000000000000000000000000000
100111110000111100000000000000000000000000000000000000000000000000000000000000000000000000000000
110010111111100100000000000000000000000000000000000000000000000000000000000000000000000000000000
100110110101110000000000000000000000000000000000000000000000000000000000000000000000000000000000
100101111110101100000000000000000000000000000000000000000000000000000000000000000000000000000000
000000000000000000000000000000000000000000000000000000000000000000000000000000000000000000000000
000000000000000000000000000000000000000000000000000000000000000000000000000000000000000000000000
000000000000000100000000000001000000000000000010100000000000000000000000000000100000000000000000
000000000000001100000000000100000000000000000000000000000001100000000000000000000000000000000000
000001000000001101000000001100000010000000000000000000000000000000010000000000000000000000000000
000000100000000001100000001000000000000000010000011000000000000000000000000000000000000101000100
000010010000000000000000010000000000000000000000000000000010000000000000000000000010000000100000
000000000000000000000000000000000000000000000000000000000000000000001000001000000000000000001000
000000000011000000010000100000000000100001000000000110000000000000000000001000000001110000000000
000000000000000000001100000000000000000010000000000000000000000000000000000000000000010000000000
000000000000000000000000000000000000001000000000000001000000000000000000000000000000000000000000
000000000000100000000000010100000000000001000000000000000000000000000000000010000000000000000000
000000000000100000000001000000000000000000000000000000001000000000000000000000000000000010000000
000000000000101000000001000010000000000000000000000000000000000000000000010000100000000000000000
101000000000000000000010000000000000000000000000000000000000000000000000100000000000000000001000
000000000000000100000010000000000000000000000010000000000000000010000001000000000000000001111000
000000100100000010001000000000000000000000000010000001000000000000000000000000000100000000100000
000000100000000010010000000000001000010000000001000000000000000000000010000000000010000000000000
000000000000000000000000000000000000000000000000011010000000000000000000000000000000000000000000
