000000000000000000000000000000000000000000000000000000000000000000000000000000000000000000000000
000000000000000000000000000000000000000000000000000000000000000000000000000000000000000000000000
000000000000000000000000000000000000000000000000000000000000000000000000000000000000000000000000
000000000000000000000000000000000000000000000000000000000000000000000000000000000000000000000000
000000000000000000000000000000000000000000000000000000000000000000000000000000000000000000000000
000000000000000000000000000000000000000000000000000000000000000000000000000000000000000000000000
000000000000000000000000000000000000000000000000000000000000000000000000000000011011111100000000
000000000000000000000000000000000000000000000000000000000000000000000000000000000000000000000000
000000000000000000000000000000000000000000000000000000000000000000000000000000000000000000000000
000000000000000000000000000000000000000000000000000000000000000000000000000000000000000000000000
000000000000000000000000000000000000000000000000000000000000000000000000000000000000000000000000
000000000000000000000000000000000000000000000000000000000000000000000000000000000000000000000000
000000000000000000000000000000000000000000000000000000000000000010001110111010100000000000000000
000000000000000000000000000000000000000000000000000000000000000000000000000000000000000000000000
000000000000000000000000000000000000000000000000000000000000000000000000000000000000000000000000
000000000000000000000000000000000000000000000000000000000000000000000000000000000000000000000000
000000000000000000000000000000000000000000000000000000000000000000000000000000000000000000000000
000000000000000000000000000000000000000000000000000000000000000000000000000000000000000000000000
000000000000000000000000000000000000000000000000000000000000000000000000000000000000000000000000
000000000000000000000000000000000000000000000000000000000000000000000000000000000000000000000000
000000000000000000000000000000000000000000000000000000000000000000000000000000000000000001111100
000000000000000000000000000000000000000000000000000000000000000000000000000000000000000000000000
000000000000000000000000000000000000000000000000000000000000000000000000000000000000000000000000
000000000000000000000000000000000000000000000000000000000000000000000000000000000000000000000000
000000111011110000000000000000000000000000000000000000000000000000000000000000000000000000000000
000000000000000000000000000000000000000000000000000000000000000000000000000000000000000000000000
000000000000000000000000000000000111101100111110000000000000000000000000000000000000000000000000
000000000000000000000000000000000000000000000000000000000000000000000000000000000000000000000000
000000000000000000000000000000000000000000000000000000000000000000000000000000000000000000000000
000000000000000000000000000000000000000000000000000000000000000000000000000000000000000000000000
000000000000000000000000000000000000000000000000000000000000000000000000000000000000000000000000
000000000000000000000000000000000000000000000000000000000000000000000000000000000000000000000000
000000000000000000000000000000000000000000000000000000000000000000000000000000000000000000000000
000000000000000000000000000000000000000000000000000000000000000000000000000000000000000000000000
000000000000000000000000000000000000000000000000000000000000000000000000000000000000000000000000
000000000000000000000000000000001111111001101110000000000000000000000000000000000000000000000000
000000000000000000000000000000000000000000000000000000000000000000000000000000000000000000000000
000000000000000000000000000000000000000000000000000000000000000000000000000000000000000000000000
000000000000000011111111111011100000000000000000000000000000000000000000000000000000000000000000
000000000000000000000000000000000000000000000000000000000000000000000000000000000000000000000000
000000000000000000000000000000000000000000000000000000000000000000000000000000011111011110000000
000000000000000000000000000000000000000000000000000000000000000000000000000000000000000000000000
000000000000000000000000000000000000000000000000000000000000000000000000000000010011011110000000
011111000000000000000000000000000000000000000000000000000000000000000000000000000000000000000000
000000000000000000000000000000000000000000000000000000000000000001111010111100000000000000000000
000000000000000000000000000000000000000000000000000000000000000000000000000000000000000000000000
000000000000000000000000000000000000000000000000000000000000000000000000000000000000000000000000
000000111001111000000000000000000000000000000000000000000000000000000000000000000000000000000000
000000000000000000000000000000000000000000000000000000000000000000000000000000000000000000000000
000000000000000000000000000000000000000000000000000000000000000000000000000000000000000000000000
000000000000000000000000000000000000000000000000000000000000000000000000000000000000000000000000
000000000000000000000000000000000000000000000000000000000000000000000000000000000000000000000000
001111000000000000000000000000000000000000000000000000000000000000000000000000000000000000000000
000000000000000000000000000000000000000000000000000000000000000000000000000000000000000000000000
000000000000000000000000000000000000000000000000000000000000000000000000000000000000000000000000
000000000000000000000000000000000000000000000000000000000000000000000000000000000000000000000000
000000000000000000000000000000000000000000000000000000000000000000000000000000000000000000000000
000000000000000000000000000000000000000000000000000000000000000000000000000000000000000000000000
000000000000000000000000000000000000000000000000000000000000000000000000000000000000000000000000
000000000000000000000000000000000000000000000000000000000000000000000000000000000000000000000000
000000000000000000000000000000000000000000000000000000000000000000000000000000000000000000000000
000000000000000000000000000000000000000000000000000000000000000000000000000000000000000000000000
000000000000000000000000000000000000000000000000000000000000000000000000000000000000000000000000
000000010010111100000000000000000000000000000000000000000000000000000000000000000000000000000000
000000000000000000000000000000000000000000000000000000000000000000000000000000000000000000000000
000000000000000000000000000000000000000000000000000000000000000000000000000000000000000000000000
000000000000000000000000000000000000000000000000000000000000000000000000000000000000000000000000
000000000000000000000000000000000000000000000000000000000000000000000000000000000000000000000000
011100011111100000011011010000000000000000000000000000000000000000000000000000000000000000000000
000000011111100000111111110000000001111111100000000000000000000000000000000000000000000000000000
000000000000000000000000000000000001111111100000000111111100000000000111111100000000000000000000
000000000000000000000000000000000000000000000000000000000000000000000111111100000001111100011100
000000000000000000000000000000000000000000000000000000000000000000000000000000000001111100011100
000000000000000000000000000000000000000000000000000000000000000000000000000000011110000011100000
000000000000000000000000000000000000000000000001111000000011110011111000000011111110000010000000
000000000000000000000000000000001110000000011111111000000011110011111000000011100000000000000000
000000100000011111000000001111101110000000011110000000000000000000000000000000000000000000000000
100011100000011100000000000000000000000000000000000000000000000000000000000000000000000000000000
111111000000000000000000000000000000000000000000000000000000000000000000000000000000000000000000
011100011111100000111111110000000000000000000000000000000000000000000000000000000000000000000000
000000010101000000111111110000000001111111100000000111111100000000000000000000000000000000000000
000000000000000000000000000000000001111111100000000111111100000000000111111100000000000000000000
000000000000000000000000000000000000000000000000000000000000000000000111111100000001111100011100
000000000000000000000000000000000000000000000000000000000000000000000000000000000000101001111100
000000000000000000000000000000000000000000000000000000000000000000000000000000011110000011100000
000000000000000000000000000000000000000000000001111000000011110011111000000011111110000010000000
000000000000000011000000001111101110000000011111111000000011110000100000000000100000000000000000
000000100000011111000000001111101110000000011110000000000000000000000000000000000000000000000000
100011100000011100000000000000000000000000000000000000000000000000000000000000000000000000000000
111100001010100000000000000000000000000000000000000000000000000000000000000000000000000000000000
011100011111100000111111110000000000000000000000000000000000000000000000000000000000000000000000
000000000000000000111111110000000001111111100000000111111100000000000000000000000000000000000000
000000000000000000000000000000000000000000000000000111111100000000000111111100000001010100000000
000000000000000000000000000000000000000000000000000000000000000000000111111100000001111100011100
000000000000000000000000000000000000000000000000000000000000000000000000000000000000000001111100
000000000000000000000000000000000000000000000000000000000000000011011000000011011110000011100000
000000000000000000000000000000000000000000000001111000000011110011111000000011111110000010000000
000000000000000011000000001111101110000000011111111000000011110000000000000000000000000000000000
000011100000011111000000001111100000000000000000000000000000000000000000000000000000000000000000
100011100000011100000000000000000000000000000000000000000000000000000000000000000000000000000000
111100011111100000000000000000000000000000000000000000000000000000000000000000000000000000000000
000000011111100000111111110000000001111111100000000000000000000000000000000000000000000000000000
000000000000000000111111110000000001111111100000000111111100000000000000000000000000000000000000
000000000000000000000000000000000000000000000000000111111100000000000111111100000001111100000000
000000000000000000000000000000000000000000000000000000000000000000000000000000000001111100011100
000000000000000000000000000000000000000000000000000000000000000000000000000000000000000001111100
000000000000000000000000000000000000000000000000000000000000000011111000000011111110000011100000
000000000000000000000000000000001110000000011111111000000011110011111000000011110100000000000000
000000000000000011000000001111101110000000011111111000000011110000000000000000000000000000000000
000011100000011111000000001111100000000000000000000000000000000000000000000000000000000000000000
111111100000001000000000000000000000000000000000000000000000000000000000000000000000000000000000
111100011111100000000000000000000000000000000000000000000000000000000000000000000000000000000000
000000011111100000111111110000000001111111100000000000000000000000000000000000000000000000000000
000000000000000000100100100000000001111111100000000111111100000000000100100100000000000000000000
000000000000000000000000000000000000000000000000000111111100000000000111111100000001111100000000
000000000000000000000000000000000000000000000000000000000000000000000000000000000001111100011100
000000000000000000000000000000000000000000000000000000000000000000000000000000001010000011100000
000000000000000000000000000000000000000000000000000000000000000011111000000011111110000011100000
000000000000000000000000000000001110000000011111111000000011110011111000000011100000000000000000
000000000000010111000000001111101110000000011110000000000000000000000000000000000000000000000000
000011100000011111000000001111100000000000000000000000000000000000000000000000000000000000000000
111111000000000000000000000000000000000000000000000000000000000000000000000000000000000000000000
011100011111100000011011010000000000000000000000000000000000000000000000000000000000000000000000
000000011111100000111111110000000001111111100000000000000000000000000000000000000000000000000000
000000000000000000000000000000000001111111100000000111111100000000000111111100000000000000000000
000000000000000000000000000000000000000000000000000001001000000000000111111100000001111100011100
000000000000000000000000000000000000000000000000000000000000000000000000000000000001111100011100
000000000000000000000000000000000000000000000000000000000000000000000000000000011110000011100000
000000000000000000000000000000000000000000000001111000000011110011111000000011111110000010000000
000000000000000000000000000000001110000000011111111000000011110011111000000011100000000000000000
000000100000011111000000001111101110000000011110000000000000000000000000000000000000000000000000
100011100000011111000000001011000000000000000000000000000000000000000000000000000000000000000000
000000000000000000000000000000000000000000000000000000000000000000000000000000000000000000000000
000000000000000000000000000000000000000000000000000000000000000000000000000000000000000000000000
000000000000000000000000000000000000000000000000000000000000000000000000000000000000000000000000
001000011101100000000000000000000000000000000000000000000000000000000000000000000000000000000000
011100001111000000010001010000000000000000000000000000000000000000000000000000000000000000000000
011100011111100000110111110000000000000000000000000000000000000000000000000000000000000000000000
000000011001000000111111110000000001111101000000000000000000000000000000000000000000000000000000
000000000000000000111011110000000001110111100000000111100100000000000000000000000000000000000000
000000000000000000000000000000000001111011000000000111111000000000000111010100000000000000000000
000000000000000000000000000000000000000000000000000111001100000000000001010100000001001100000000
000000000000000000000000000000000000000000000000000000000000000000000111111100000000110100011000
000000000000000000000000000000000000000000000000000000000000000000000011001000000001111100001000
000000000000000000000000000000000000000000000000000000000000000000000000000000000000111000011100
000000000000000000000000000000000000000000000000000000000000000000000000000000000000000001011100
000000000000000000000000000000000000000000000000000000000000000000000000000000011110000010000000
000000000000000000000000000000000000000000000000000000000000000011110000000010011110000011100000
000000000000000000000000000000000000000000000001111000000011110011011000000010101100000010000000
000000000000000000000000000000000000000000000000001000000010110011111000000001100000000000000000
000000000000000000000000000000001100000000011111111000000010110011111000000011000000000000000000
000000000000000011000000001111101110000000001101111000000011110000000000000000000000000000000000
000000000000011101000000001101001110000000011110000000000000000000000000000000000000000000000000
000011100000011111000000001101100000000000000000000000000000000000000000000000000000000000000000
100011000000011100000000000000000000000000000000000000000000000000000000000000000000000000000000
100011100000000000000000000000000000000000000000000000000000000000000000000000000000000000000000
011011000000000000000000000000000000000000000000000000000000000000000000000000000000000000000000
111100001110100000000000000000000000000000000000000000000000000000000000000000000000000000000000
011100011011100000001111100000000000000000000000000000000000000000000000000000000000000000000000
000000010100100000111111110000000001111110100000000000000000000000000000000000000000000000000000
000000010000000000111111110000000000001001100000000111111100000000000000000000000000000000000000
000000000000000000111111110000000001101111100000000110110100000000000000100100000000000000000000
000000000000000000000000000000000001101011100000000111110100000000000110110100000000000000000000
000000000000000000000000000000000000000000000000000111100100000000000100010000000001101100000000
000000000000000000000000000000000000000000000000000000000000000000000110111100000001101100011100
000000000000000000000000000000000000000000000000000000000000000000000000000000000001011000010000
000000000000000000000000000000000000000000000000000000000000000000000000000000000000101001011100
000000000000000000000000000000000000000000000000000000000000000000000000000000000010000011011100
000000000000000000000000000000000000000000000000000000000000000000000000000000011010000001100000
000000000000000000000000000000000000000000000000000000000000000001111000000001000000000011100000
000000000000000000000000000000000000000000000001101000000011110001011000000011011110000010000000
000000000000000000000000000000001110000000001111011000000001010010110000000011100000000000000000
000000000000000011000000001010100110000000011111111000000011110000000000000000100000000000000000
000000000000000111000000001111001010000000001111111000000011000000000000000000000000000000000000
000000100000011010000000001110100100000000001100000000000000000000000000000000000000000000000000
000001100000011111000000001011100000000000000000000000000000000000000000000000000000000000000000
100011100000010000000000000000000000000000000000000000000000000000000000000000000000000000000000
110111000000000000000000000000000000000000000000000000000000000000000000000000000000000000000000
111000001010100000000000000000000000000000000000000000000000000000000000000000000000000000000000
111100011111100000000000000000000000000000000000000000000000000000000000000000000000000000000000
011100011001100000100001100000000000000000000000000000000000000000000000000000000000000000000000
000000001011100000111111110000000001101111100000000000000000000000000000000000000000000000000000
000000000000000000110111110000000000111111100000000111000100000000000000000000000000000000000000
000000000000000000000000000000000001010000100000000111110100000000000011011100000000000000000000
000000000000000000000000000000000000000000000000000101111100000000000111111100000001010000000000
000000000000000000000000000000000000000000000000000110000100000000000111011100000001101100000000
000000000000000000000000000000000000000000000000000000000000000000000100100100000001111000011100
000000000000000000000000000000000000000000000000000000000000000000000000000000000001000000011100
000000000000000000000000000000000000000000000000000000000000000000000000000000000000000000110100
000000000000000000000000000000000000000000000000000000000000000000000000000000010110000000100000
000000000000000000000000000000000000000000000000000000000000000011011000000011001010000000100000
000000000000000000000000000000000000000000000000000000000000000010001000000011011100000011100000
000000000000000000000000000000000000000000000000101000000001010010010000000001110110000010000000
000000000000000000000000000000001010000000011100101000000011110011111000000010100000000000000000
000000000000000000000000001111101010000000011001001000000010110000000000000000000000000000000000
000000100000010011000000001111101110000000011010000000000000000000000000000000000000000000000000
000010000000011011000000001111100000000000000000000000000000000000000000000000000000000000000000
000011100000011111000000001001000000000000000000000000000000000000000000000000000000000000000000
100011100000011100000000000000000000000000000000000000000000000000000000000000000000000000000000
000000000000000000000000000000000000000000000000000000000000000000000000000000000000000000000000
000000000000000000000000000000000000000000000000000000000000000000000000000000000000000000000000
000000000000000000000000000000000000000000000000000000000000000000000000000000000000000000000000
111000011110100000000000000000000000000000000000000000000000000000000000000000000000000000000000
011100011010100000010001000000000000000000000000000000000000000000000000000000000000000000000000
001100010101100000011111110000000000000000000000000000000000000000000000000000000000000000000000
000000011101000000010101110000000000100110000000000000000000000000000000000000000000000000000000
000000000000000000101111010000000001100100100000000111111100000000000000010000000000000000000000
000000000000000000000000000000000000011011000000000110011100000000000111111110000000000000000000
010000000000000000000000000000000000000000000000000100110100000000000111110100000000111100000000
010000000000000000000000000000000000000000000000000000000000000000000111110000000000110101011000
000000000000000000000000000000000000000010000000001000000000000000000011010000010000111000010000
000001000000000000000000000000000000000000000000000000000000000000001000000000000110000100010000
000000000000000000000000000000000000000000000000001000000000000001000000010000000000000000101000
000000100000000000000000000000000100000000000101000000000010000010000000010000111010000011100000
000000000000000000000000000010100000000000001100000000000010000011111000000011111110000001000000
000000000100000100000000000001100000101000000011001000000011110010010000000011011110000010000000
100001000000000000000000000000000000000000000001110000000010000011101000000010110100000000000000
010000000000000000000000010000001010000000010001010000000011110000111000000111000000000000000000
011000011000000010000000001101100010000000010001010000000001000000000000000000000000000000000000
000000001110001111001100000110000110000000001100000000000000000000000000100000000000000000000000
000011001000001111000000100110100000011001000000000000000000000000000000000000000001000000000000
100010100000100000100000010000000000000000000010000111000000000000000001000000000000000000000000
110010000000001000000000000000000001001100100000001110101100000001000011010100000000000000100100
000101000000000000000000000000000000000000000000000000101000000000000101000000100000000100000000
011000000101100000000000000000000000000000000000000000000000000000000011011000000000001000000000
011100001110000000000100010110001100000000000000001000010000000000000011000000000000000001100000
000000011001000000010111100100000001111111010000100001000000000000000000000000000010000000000000
000000000000000000111101110000000001101000100000000101100000000001110000000000001010000000000000
000000000000000000101100110000000000110111100001101010000101110001010100000110010000000000000000
000000000000000000000000001000001101101000001000001010111010110000000111011000000000000000001100
000000000000000000000000000000001010000000011011011111001100000000000000100100000001000000000000
000000100000011010000000100011000100010000000000000010000000000000000000111000000000111100011000
000010000000010011000001000111000000000000000000000000000000100000010000000000000000101000010100
000000001000001010000000000001000000000000000000000000100000000000000000000001000000101001011100
011100001100100000000000100000000100000000010000000000000000000000000000000000000010000011101100
001100010010000000011011000000000000010000100100000000000000000000000000010000101110000000100000
000000001011100000101011000000000000111110100000000001000000000000101101000001100000000010100000
000000000001000000011100010000000001010110100000101111010010010010001000000000110000000000000000
000000000000000000000000000100001011101100110011110111100101000010011011011101000001000000010000
011000000000000010100000000111100000000000000010001011111101010000101010010100100001111100000000
000000000000010100000000000010000010000000000000000000000000000000000010001100000101101000011000
000000100000100001000000000010000110000000010000000011000001000000000011000000000001101100011100
000000000000010010000000000011000000000000100000000010000100000000000000000000000010000010100100
000010100000001000001000000000000000000100010000000000000000000011011001000010010011000010101000
000011000000000000000000000000000001000000000001110000000111000011111000000011110010000000000000
000000100011100010000000000000000100010000011111100000000011100011010000000000100000000001000000
110000011010000001000000000111100110000000011101010000000011110000000100000000000000000001000000
001000100010011111000101101111101000000001011110000010000010000000100001000000000000000000000000
100001110010000101001110001101100011001101000000000000000000000000000000100000000000000000001000
100011100100011100000000110000000000011010000000000001000000100000000000000000100000000100000000
100111000000000000000000000000000000000000000000000100100000000000000001011100000100000000000000
101100010111000000000100000000000001000100000000000011000010100000011000000100000000100100100000
000010001111100010111111110100000000011011100000000000000000000000000000010000100001000001000000
000000010001000000011111010000000001111011111000000111110110000000000100000000001000001000001000
000000000001000000000101110000000001111111100001000111111100000000000111101100000000110000100000
000000010001000000000000000000000000000100000100010101111100100000000101110100000001101100011000
000000000001000001001000000000000000000000000100100000000100000000000100001100001001111100010000
000001000100010100000000100100000000100000100000000000010101100001010010000000000101111100011100
000000000010000010000000000000000000000010000000010101000000010000000000000000100000000001111100
000000100000000100000000010000000000000000000001000000000100000001000000010100111110101011100000
000000000000000000000000000101000000101000000100001000000000000011111000110111110100000111101000
000000000000000100000000011000101010000000011011011000000011110011111000000011110100000000110000
000000000100000011000000001111101110000000111111111000000010110000100000000000100000000010000000
001000100000011111000000001111101110000000011110000000000000000000000000000000000000000000000000
000011100000011111100010001111100000000000010000000000000000000010001000000000000000000010010000
100011100000011100000100000100000100100000000001000000000001000000000000000100100000000000000000
000000000000000000000000000000000000000000000000000000000000000000000000000000000000000000000000
000000000000000000000000000000000000000000000000000000000000000000000000000000000000000000000000
000000000000000000000000000000000000000000000000000000000000000000000000000000000000000000000000
111100011111100000011011010000000000000000000000000000000000000000000000000000000000000000000000
000000011111100000111111110000000001111111100000000000000000000000000000000000000000000000000000
000000000000000000000000000000000001111111100000000111111100000000000111111100000000000000000000
000000000000000000000000000000000000000000000000000111111100000000000111111100000001111100000000
000000000000000000000000000000000000000000000000000000000000000000000000000000000001111100011100
000000000000000000000000000000000000000000000000000000000000000000000000000000011110000011100000
000000000000000000000000000000000000000000000001001000000001000011111000000011111110000011100000
000000000000000000000000000000001110000000011111111000000011110011111000000011100000000000000000
000000100000011111000000001111101110000000011110000000000000000000000000000000000000000000000000
000011100000011111000000001011000000000000000000000000000000000000000000000000000000000000000000
111111000000000000000000000000000000000000000000000000000000000000000000000000000000000000000000
011100011111100000111111110000000000000000000000000000000000000000000000000000000000000000000000
000000010101000000111111110000000001111111100000000000000000000000000000000000000000000000000000
000000000000000000000000000000000001111111100000000111111100000000000111111100000000000000000000
000000000000000000000000000000000000000000000000000000000000000000000111111100000001111100011100
000000000000000000000000000000000000000000000000000000000000000000000000000000000000101000011100
000000000000000000000000000000000000000000000000000000000000000000000000000000011110000011100000
000000000000000000000000000000000000000000000001111000000011110011111000000011111110000010000000
000000000000000000000000000100101110000000011111111000000011110000100000000000100000000000000000
000000100000011111000000001111101110000000011110000000000000000000000000000000000000000000000000
100011100000011100000000000000000000000000000000000000000000000000000000000000000000000000000000
111111001010100000000000000000000000000000000000000000000000000000000000000000000000000000000000
011100011111100000111111110000000000000000000000000000000000000000000000000000000000000000000000
000000000000000000111111110000000001111111100000000111111100000000000000000000000000000000000000
000000000000000000000000000000000001111111100000000111111100000000000111111100000001010100000000
000000000000000000000000000000000000000000000000000000000000000000000111111100000001111100011100
000000000000000000000000000000000000000000000000000000000000000000000000000000000000000001111100
000000000000000000000000000000000000000000000000000000000000000000000000000000011110000011100000
000000000000000000000000000000000000000000000001111000000011110011111000000011111110000010000000
000000000000000011000000001111101110000000011111111000000011110000000000000000000000000000000000
000000100000011111000000001111101110000000011110000000000000000000000000000000000000000000000000
100011100000011100000000000000000000000000000000000000000000000000000000000000000000000000000000
111100011111100000000000000000000000000000000000000000000000000000000000000000000000000000000000
011100011111100000111111110000000000000000000000000000000000000000000000000000000000000000000000
000000000000000000111111110000000001111111100000000111111100000000000000000000000000000000000000
000000000000000000000000000000000000000000000000000111111100000000000111111100000001111100000000
000000000000000000000000000000000000000000000000000000000000000000000011011000000001111100011100
000000000000000000000000000000000000000000000000000000000000000000000000000000000000000001111100
000000000000000000000000000000000000000000000000000000000000000011111000000011111110000011100000
000000000000000000000000000000000000000000000001111000000011110011111000000011110100000000000000
000000000000000011000000001111101110000000011111111000000011110000000000000000000000000000000000
000011100000011111000000001111100000000000000000000000000000000000000000000000000000000000000000
100011100000001000000000000000000000000000000000000000000000000000000000000000000000000000000000
111100011111100000000000000000000000000000000000000000000000000000000000000000000000000000000000
000000011111100000111111110000000001111111100000000000000000000000000000000000000000000000000000
000000000000000000111111110000000001111111100000000111111100000000000100100100000000000000000000
000000000000000000000000000000000000000000000000000111111100000000000111111100000001111100000000
000000000000000000000000000000000000000000000000000000000000000000000000000000000001111100011100
000000000000000000000000000000000000000000000000000000000000000000000000000000001010000011111100
000000000000000000000000000000000000000000000000000000000000000011111000000011111110000011100000
000000000000000000000000000000001110000000011111111000000011110011111000000011100000000000000000
000000000000010111000000001111101110000000011111111000000011110000000000000000000000000000000000
000011100000011111000000001111100000000000000000000000000000000000000000000000000000000000000000
111111000000000000000000000000000000000000000000000000000000000000000000000000000000000000000000
111100011111100000000000000000000000000000000000000000000000000000000000000000000000000000000000
000000011111100000111111110000000001111111100000000000000000000000000000000000000000000000000000
000000000000000000000000000000000001111111100000000111111100000000000111111100000000000000000000
000000000000000000000000000000000000000000000000000111111100000000000111111100000001111100000000
000000000000000000000000000000000000000000000000000000000000000000000000000000000001111100011100
000000000000000000000000000000000000000000000000000000000000000000000000000000011110000011100000
000000000000000000000000000000000000000000000000000000000000000011111000000011111110000011100000
000000000000000000000000000000001110000000011111111000000011110011111000000011100000000000000000
000000100000011111000000001111101110000000011110000000000000000000000000000000000000000000000000
000011100000011111000000001011000000000000000000000000000000000000000000000000000000000000000000
000000000000000000000000000000000000000000000000000000000000000000000000000000000000000000000000
000000000000000000000000000000000000000000000000000000000000000000000000000000000000000000000000
000000000000000000000000000000000000000000000000000000000000000000000000000000000000000000000000
000000000000000000000000000000000000000000000000111110111111010000000000000000000000000000000000
000000000000000000000000000000000000000000000000000000000000000000000000000000000000000000000000
000000000000000000000000000000000000000000000000000000000000000000000000000000000000000000000000
000000000000000000000000000000000000000000000000000000000000000000000000000000000000000000000000
100000000000000000000000000000000000000000000000000000000000000000000000000000000000000000000000
000000000000000000000000000000000000000000000000000000000000000000000000000000000000000000000000
000000000000000001101111111101100000000000000000000000000000000000000000000000000000000000000000
000000000000000000000000000000000000000000000000000000000000000000000000000000000000000000000000
000000000000000011001010111111000000000000000000000000000000000000000000000000000000000000000000
000000000000000000000000000000000000000000000000000000000000000000000000000000000000000000000000
000000000000000000000000000000000000000000000000000000000000000000000000000000000000000000000000
000000000000000010111010011111100000000000000000000000000000000000000000000000000000000000000000
000000000000000000000000000000000000000000000000000000000000000000000000000000000000000000000000
000000000000000000000000000000000000000000000000000000000000000000000000000000000000000000000000
100000000000000000000000000000000000000000000000000000000000000000000000000000000000000000000000
000000000000000000000000000000000000000000000000000000000000000000000000000000000000000000000000
000000000000000000000000000000000000000000000000000000000000000000000000000000000000000000000000
000000000000000000000000000000000000000000000000000000000000000000000000000000000000000000000000
000000000000000000000000000000000000000000000001101111110111110000000000000000000000000000000000
000000000000000000000000000000000000000000000000000000000000000000000000000000000000000000000000
000000111111001100000000000000000000000000000000000000000000000000000000000000000000000000000000
000000000000000011111111101101000000000000000000000000000000000000000000000000000000000000000000
000000000000000000000000000000000000000000000000000000000000000000000000000000000000000000000000
000000000000000000000000000000000000000000000000000000000000000000000000000000000000000000000000
000000000000000000000000000000000000000000000000000000000000000000000000000000000000000000000000
000000000000000000000000000000000000000000000000000000000000000000000000000000000000000000000000
000000000000000000000000000000000000000000000000000000000000000000000000000000000000000000000000
000000000000000000000000000000000000000000000000000000000000000000000000000000000000000000000000
000000000000000000000000000000000000000000000000000000000000000000000000000000000000000000000000
000000000000000000000000000000000000000000000000000000000000000000000000000000000000000000000000
000000000000000000000000000000000000000000000000000000000000000000000000000000000000000000000000
000000000000000000000000000000000101111111001010000000000000000000000000000000000000000000000000
000000000000000000000000000000000000000000000000000000000000000000000000000000000000000000000000
000000111100000000000000000000000000000000000000000000000000000000000000000000000000000000000000
000000000000000000000000000000000000000000000000000000000000000000000000000000000000000000000000
000000000000000000000000000000000000000000000000000000000000000000000000000000000000000000000000
000000000000000000000000000000000000000000000000000000000000000000000000000000000000000000000000
100000000000000000000000000000000000000000000000000000000000000000000000000000000000000000000000
000000000000000000000000000000000000000000000000000000000000000000000000000000000000000000000000
000000000000000000000000000000000000000000000000000000000000000000000000000000000000000000000000
011111000000000000000000000000000000000000000000000000000000000000000000000000000000000000000000
000000000000000000000000000000000000000000000000000000000000000000000000000000000000000000000000
000000000000000000000000000000000000000000000000000000000000000000000000000000000000000000000000
000000000000000000000000000000000000000000000000000000000000000000000000000000000000000000000000
000000000000000000000000000000000000000000000000000000000000000010101111111111000000000000000000
000000000000000000000000000000000000000000000000000000000000000000000000000000000000000000000000
000000000000000000000000000000000000000000000000000000000000000000000000000000000000000000000000
000000000000000000000000000000000000000000000000000000000000000000000000000000000000000000000000
000000000000000000000000000000000000000000000000000000000000000000000000000000000000000000000000
000000000000000000000000000000000000000000000000000000000000000000000000000000000000000000000000
000000000000000000000000000000000000000000000000000000000000000000000000000000000000000000000000
000000000000000000000000000000000000000000000000000000000000000000000000000000001110011110000000
000000000000000000000000000000000000000000000000000000000000000000000000000000000000000000000000
000000000000000000000000000000000000000000000000000000000000000000000000000000000000000000000000
000000000000000000000000000000000000000000000000000000000000000000000000000000000000000000000000
000000000000000000000000000000000000000000000000000000000000000000000000000000000000000000000000
000000000000000000000000000000000000000000000000000000000000000000000000000000000000000000000000
000000000000000000000000000000000000000000000000000000000000000000000000000000000000000000000000
000000000000000000000000000000000000000000000000000000000000000000000000000000000000000000000000
000000000000000000000000000000000000000000000000000000000000000000000000000000000000000000000000
000000000000000000000000000000000000000000000000000000000000000000000000000000000000000000000000
000000000000000000000000000000000000000000000000000000000000000000000000000000000000000000000000
000000000000000000000000000000000000000000000000000000000000000000000000000000000000000000000000
000000000000000000000000000000000000000000000000000000000000000000000000000000000000000000000000
