000000000000000000000000000000000000000000000000000000000000000000000000000000000000000000000000
001000000000000000000010000000000000000000000000000000000000000000000000000000000000000000000000
000000000000000000000010000000000000000000000000000000000000000000000000000000000000000000000000
000000000000000000000000000000000000100000000000000000000000000000000010000000000000000000000000
000000000000000000000000000000000000000000000000000001000000000000000000000000000000000000000000
000000000000000000000000000000000000000000000000000000000000000000000000000000000000000000000000
000000000000000000000000000000000000000000000000000000000000000000000000000000000000000000000000
000000000000000000000000000000000000000000000000000000000000000000000000000010000000000000100000
000000000000000000000000000000000000000000000000000000000001000000000000000000000000000000000000
000000000000000000000000000001000010000000000000000000000000000000000000000000000000000000000000
000001000000000000000000000000000000000000000000000000000000000000000000000000000000000000000000
000000000000000000000000000000000000000000000000000000000000000000000000000000000000000000000000
100000001010000000000000000000000000000000000000000000000000000000000000000000000000000000000000
000000000000000000000000000000000000000000000000000000000000000000000000000000000000000000000000
000000000000000000000000000000000000000000000000000000000000000000000000000000000000000000000000
000000000000000000000000000000000000000000000000000000000000000000000000000000000000000000000000
000000000000000000000000000000000000000000000000000000000000000000000000000000000000000000000000
000000000000000000000000000000000000000000000000000000000000000000000000000000000000000000100000
000000000000000000000000000000000000000000000000000000000000000000000000000010000000000000000000
000000000000000000000000000000000000000000000000000000000001000001001000000000000000000000000000
000000000000000000000000000001000000000000010010000000000000000000000000000000000000000000000000
000000000000000000000000000000000000000000000000000000000000000000000000000000000000000000000000
000000000000001000000000000000000000000000000000000000000000000000000000000000000000000000000000
000100000000000000000000000000000000000000000000000000000000000000000000000000000000000000000000
000000000000100000000000000000000001000100000000000000000000000000000000000000000000000000000000
000000000000000000000100000000000000010100000000000000000000000000000100000000000000000000000000
000000000000000000000000000000000000000000000000000100000100000000000000000000000000101000000000
000000000000000000000000000000000000000000000000000000000000000000000000000000000000000100001000
000000000000000000000000000000000000000000000000000000000000000000000000000000000000000000000000
000000000000000000000000000000000000000000000000000000000000000000000000000000100000000000000000
000000000000000000000000000000000000000000001000000000000000010000000000000000100000000000000000
000000000000000000000000000010001000000000000100000000000010010000000000000000000000000000000000
000000000000000000000000000000000000000000000000000000000000000000000000000000000000000000000000
011000000000000000000000000000000000000000000000000000000000000000000000000000000000000000000000
010000000000000000000000000000000000000000000000000000000000000000000000000000000000000000000000
000000000011000000100000000000000000000001000000000000000000000000000000000000000000000000000000
000000000000000000000000000000000000001000100000000000100000000000000000000000000000000000000000
000000000000000000000000000000000000000000000000000000000000000000000000000100000000000000000000
000000000000000000000000000000000000000000000000000000000000000000000000000000000000000000000000
000000000000000000000000000000000000000000000000000000000000000000000000000000000000000000000000
000000000000000000000000000000000000000000000000001000000000000000111000000000000100000001000000
000000000000000000000000000000000100000000000000100000000000000000000000000000000000000000000000
000000000000000000000000000110000000000000000000000000000000000000000000000000000000000000000000
000000000000000000000000000000000000000000000000000000000000000000000000000000000000000000000000
000001000000000000000000000000000000000000000000000000000000000000000000000000000000000000000000
001100001010100000000000000000000000000000000000000000000000000000000000000000000000000000000000
000000000000000000000000000000000000000010000000000000101000000000000000000000000000000000000000
000000000000000000000000000000000000001000000000000111000100000000000001001000000001000000000000
000000000000000000000000000000000000000000000000000000000000000000000000000100000000000100001000
000000000000000000000000000000000000000000000000000000000000000000000000000000000000000000000000
000000000000000000000000000000000000000000000000000000000000000000001000000001000000000011000000
000000000000000000000000000000000000000000000000000000000010000000000000000000100100000000000000
000000000000000000000000000000001000000000000001000000000000000000000000000000000000000000000000
000000000000000000000000000010000000000000000000000000000000000000000000000000000000000000000000
100000000000000000000000000000000000000000000000000000000000000000000000000000000000000000000000
000000010100000000000000000000000000000000000000000000000000000000000000000000000000000000000000
000000010000000000011011000000000001000001100000000000000000000000000000000000000000000000000000
000000000000000000000000000000000000010000100000000100100100000000000000000100000000000000000000
000000000000000000000000000000000000000000000000000000000000000000000100000000000001011100000000
000000000000000000000000000000000000000000000000000000000000000000000000000000000000001000010100
000000000000000000000000000000000000000000000000000000000000000000000000000000000000000010000000
000000000000000000000000000000000000000000000000001000000011000001100000000001000000000000000000
000000000000000000000000000010000000000000001011100000000000010000000000000000000000000000000000
000000100000000001000000000001000000000000000000000000000000000000000000000000000000000000000000
100001000000001000000000000000000000000000000000000000000000000000000000000000000000000000000000
010100000001000000000000000000000000000000000000000000000000000000000000000000000000000000000000
000000000000000000000010100000000000000110100000000000000000000000000000000000000000000000000000
000000000000000000000000000000000000010000000000000100100000000000000110111000000000000000000000
000000000000000000000000000000000000000000000000000000000000000000000000111000000000000000001100
000000000000000000000000000000000000000000000000000000000000000000000000000000000000000000000000
000000000000000000000000000000000000000000000000000000000000000000000000000000000000000000100000
000000000000000000000000000000000000000000000000011000000001000001000000000001100000000000000000
000000000000000000000000000110001000000000001000110000000010000000000000000000000000000000000000
000000100000000100000000001100000000000000000000000000000000000000000000000000000000000000000000
000000100000000000000000000000000000000000000000000000000000000000000000000000000000000000000000
010100000011100000000000000000000000000000000000000000000000000000000000000000000000000000000000
000000000111100000000110100000000000100000000000000000000000000000000000000000000000000000000000
000000000000000000000000000000000000000010100000000000000000000000000000001100000000000000000000
000000000000000000000000000000000000000000000000000000000000000000000001000100000000000000010000
000000000000000000000000000000000000000000000000000000000000000000000000000000000000000000001100
000000000000000000000000000000000000000000000000000000000000000000001000000001001000000010100000
000000000000000000000000000000000000000000000000001000000011110000110000000011000000000000000000
000000000000000011000000000100000000000000010010000000000001100000000000000000000000000000000000
000001100000000011000000000100100000000000000000000000000000000000000000000000000000000000000000
010101000000000000000000000000000000000000000000000000000000000000000000000000000000000000000000
001000000000000000000010100000000000000000000000000000000000000000000000000000000000000000000000
000000000000000000000010110000000001101011000000000000000000000000000000000000000000000000000000
000000000000000000000000000000000000000000000000000100001100000000000111001100000001011000000000
000000000000000000000000000000000000000000000000000000000000000000000000000000000000000000000000
000000000000000000000000000000000000000000000000000000000000000000000000000000000000000010000000
000000000000000000000000000000000000000000000000000000000000000000001000000001111000000000000000
000000000000000000000000000000000000000000000110000000000001000010001000000011000000000000000000
000000000000000011000000001010000100000000001010000000000000000000000000000000000000000000000000
000010000000010000000000000000000000000000000000000000000000000000000000000000000000000000000000
000000000110000000000000000000000000000000000000000000000000000000000000000000000000000000000000
000000001010000000001100010000000000100100100000000000000000000000000000000000000000000000000000
000000000000000000000000000000000001001100100000000101011100000000000010000000000000000000000000
000000000000000000000000000000000000000000000000000000000000000000000001101100000000100000010000
000000000000000000000000000000000000000000000000000000000000000000000000000000000000000000000000
000000000000000000000000000000000000000000000000000000000000000000101000000000000010000011000000
000000000000000000000000000000000110000000010011111000000001010010010000000000000000000000000000
000000100000000101000000001100101110000000000100000000000000000000000000000000000000000000000000
000000100000000000000000000000000000000000000000000000000000000000000000000000000000000000000000
101100000010000000000000000000000000000000000000000000000000000000000000000000000000000000000000
000000001001000000001111110000000000010001000000000000000000000000000000000000000000000000000000
000000000000000000000000000000000000000110100000000000001000000000000101000100000000000000000000
000000000000000000000000000000000000000000000000000000000000000000000000001100000001000000010000
000000000000000000000000000000000000000000000000000000000000000000000000000000000000101001110100
000000000000000000000000000000000000000000000000000000000000000001010000000010001110000010000000
000000000000000000000000000000001010000000010010001000000000010011000000000011100000000000000000
000000000000000010000000000000101100000000011010000000000000000000000000000000000000000000000000
100011000000000100000000000000000000000000000000000000000000000000000000000000000000000000000000
001100000000000000000000000000000000000000000000000000000000000000000000000000000000000000000000
000000011110000000101011010000000000100010000000000000000000000000000000000000000000000000000000
000000000000000000000000000000000000010100100000000000110000000000000100100000000000000000000000
000000000000000000000000000000000000000000000000000000000000000000000010011000000000010100011000
000000000000000000000000000000000000000000000000000000000000000000000000000000000000000001001000
000000000000000000000000000000000000000000000000000000000000000011000000000011000010000011100000
000000000000000000000000000000001010000000001110000000000001010000001000000000100000000000000000
000000100000010110000000000110101100000000010110000000000000000000000000000000000000000000000000
100000100000011000000000000000000000000000000000000000000000000000000000000000000000000000000000
000100001101000000000000000000000000000000000000000000000000000000000000000000000000000000000000
000000011011000000000010010000000000100000100000000000000000000000000000000000000000000000000000
000000000000000000000000000000000000100100000000000110111100000000000100101100000000000100000000
000000000000000000000000000000000000000000000000000000000000000000000011011000000001111100010000
000000000000000000000000000000000000000000000000000000000000000000000000000000001010000001000000
000000000000000000000000000000000000000000000000010000000001110010110000000011110100000000000000
000000000000000010000000000001101100000000000100111000000001110000000000000000000000000000000000
000011000000010101000000000100000000000000000000000000000000000000000000000000000000000000000000
111100000000000000000000000000000000000000000000000000000000000000000000000000000000000000000000
010000011111100000011101010000000000000000000000000000000000000000000000000000000000000000000000
000000000000000000100110000000000001111110000000000001001000000000000100100000000000000000000000
000000000000000000000000000000000000000000000000000001000000000000000001101000000000010100010100
000000000000000000000000000000000000000000000000000000000000000000000000000000000000000000100000
000000000000000000000000000000000000000000000000000000000000000010011000000001001100000010100000
000000000000000000000000000000000000000000000111110000000011100010101000000011100000000000000000
000000100000001111000000001111100000000000011000000000000000000000000000000000000000000000000000
100001100000001000000000000000000000000000000000000000000000000000000000000000000000000000000000
000000001111000000010001010000000000000000000000000000000000000000000000000000000000000000000000
000000000000000000101011100000000001111111000000000011111000000000000000000000000000000000000000
000000000000000000000000000000000000000000000000000101111100000000000000100000000001000100000000
000000000000000000000000000000000000000000000000000000000000000000000000000000000000010100011100
000000000000000000000000000000000000000000000000000000000000000001000000000011000010000001000000
000000000000000000000000000000000010000000001000011000000001010011111000000010100000000000000000
000000100000001011000000000100001110000000011000000000000000000000000000000000000000000000000000
000001100000001100000000000000000000000000000000000000000000000000000000000000000000000000000000
101100011111100000000000000000000000000000000000000000000000000000000000000000000000000000000000
000000000000000000111011100000000001100110000000000010111100000000000000000000000000000000000000
000000000000000000000000000000000000000000000000000111111000000000000111111100000000111100000000
000000000000000000000000000000000000000000000000000000000000000000000000000000000000111100011000
000000000000000000000000000000000000000000000000000000000000000000010000000011011100000011100000
000000000000000000000000000000001010000000011110101000000010100001101000000011100000000000000000
000000100000011011000000000011001100000000010100000000000000000000000000000000000000000000000000
000011100000001000000000000000000000000000000000000000000000000000000000000000000000000000000000
000100001110100000011111110000000000000000000000000000000000000000000000000000000000000000000000
000000000000000000111111010000000001010111100000000111111100000000000000000000000000000000000000
000000000000000000000000000000000000000000000000000000000000000000000111111100000001110100010100
000000000000000000000000000000000000000000000000000000000000000000000000000000000000000001011000
000000000000000000000000000000000000000000000000000000000000000001101000000011010110000011000000
000000000000000011000000001010001110000000011111101000000011000000000000000000100000000000000000
000011000000011011000000001111000000000000000000000000000000000000000000000000000000000000000000
001010001010100000000000000000000000000000000000000000000000000000000000000000000000000000000000
000000010111000000100101110000000001110111000000000000000000000000000000000000000000000000000000
000000000000000000000000000000000001111110000000000101111000000000000111110100000000000000000000
000000000000000000000000000000000000000000000000000000000000000000000000000000000001111100001100
000000000000000000000000000000000000000000000000000000000000000000000000000000011110000000100000
000000000000000000000000000000001100000000011000101000000011100011011000000011100100000000000000
000000000000011111000000001011100110000000000110000000000000000000000000000000000000000000000000
100001100000001000000000000000000000000000000000000000000000000000000000000000000000000000000000
000000010110000000011111110000000000000000000000000000000000000000000000000000000000000000000000
000000000000000000100100100000000001101100100000000110010000000000000100100100000000000000000000
000000000000000000000000000000000000000000000000000000000000000000000011111100000001100100010100
000000000000000000000000000000000000000000000000000000000000000000000000000000001000000011111100
000000000000000000000000000000000000000000000001011000000001110011110000000010110110000000000000
000000000000010101000000001011001110000000011100000000000000000000000000000000000000000000000000
100011000000011100000000000000000000000000000000000000000000000000000000000000000000000000000000
011100011101100000011011000000000000000000000000000000000000000000000000000000000000000000000000
000000000000000000011111110000000001111111100000000011010100000000000000000000000000000000000000
000000000000000000000000000000000000000000000000000000000000000000000110111100000000111100001100
000000000000000000000000000000000000000000000000000000000000000000000000000000001010000011111100
000000000000000000000000000000000000000000000001111000000011010011111000000010111110000010000000
000000000000010101000000000100101110000000011110000000000000000000000000000000000000000000000000
100011000000010100000000000000000000000000000000000000000000000000000000000000000000000000000000
011100011111100000101110110000000000000000000000000000000000000000000000000000000000000000000000
000000000000000000100100100000000001101001100000000111111000000000000111011000000000000000000000
000000000000000000000000000000000000000000000000000000000000000000000111111100000001111100011100
000000000000000000000000000000000000000000000000000000000000000000000000000000011110000011100000
000000000000000000000000000000001110000000011111111000000011010011111000000010110100000000000000
000000100000011110000000001110100110000000011110000000000000000000000000000000000000000000000000
111101000000000000000000000000000000000000000000000000000000000000000000000000000000000000000000
000000011101100000101110110000000001110111100000000000000000000000000000000000000000000000000000
000000000000000000000000000000000000000000000000000111101100000000000111111100000001010100000000
000000000000000000000000000000000000000000000000000000000000000000000000000000000000001000011100
000000000000000000000000000000000000000000000000000000000000000011011000000011111110000011100000
000000000000000011000000001111001110000000011111111000000001110000000000000000000000000000000000
100011100000011100000000000000000000000000000000000000000000000000000000000000000000000000000000
011100011111100000011011010000000000000000000000000000000000000000000000000000000000000000000000
000000000000000000011111110000000001111111100000000111111100000000000100100100000000000000000000
000000000000000000000000000000000000000000000000000000000000000000000011011000000001111100001100
000000000000000000000000000000000000000000000000000000000000000000000000000000011110000011000000
000000000000000000000000000000001110000000011111111000000011110010111000000001000000000000000000
000011100000011111000000001011100000000000000000000000000000000000000000000000000000000000000000
111100011111100000000000000000000000000000000000000000000000000000000000000000000000000000000000
000000000000000000111111110000000001111111100000000111111100000000000000000000000000000000000000
000000000000000000000000000000000000000000000000000000000000000000000110111100000001111100011100
000000000000000000000000000000000000000000000000000000000000000000000000000000011110000011100000
000000000000000000000000000000000110000000011111110000000011110010111000000011100000000000000000
000011100000010101000000001111100000000000000000000000000000000000000000000000000000000000000000
111100011111100000000000000000000000000000000000000000000000000000000000000000000000000000000000
000000000000000000111111110000000001111111100000000111111100000000000000000000000000000000000000
000000000000000000000000000000000000000000000000000000000000000000000111111100000001111100011100
000000000000000000000000000000000000000000000000000000000000000000000000000000011110000011100000
000000000000000000000000000100101110000000011111111000000011110011111000000011100000000000000000
100011100000011100000000000000000000000000000000000000000000000000000000000000000000000000000000
011100011111100000111111110000000000000000000000000000000000000000000000000000000000000000000000
000000000000000000000000000000000001111111100000000111111100000000000111111100000000000000000000
000000000000000000000000000000000000000000000000000000000000000000000000000000000001111100011100
000000000000000000000000000000000000000000000000000000000000000011111000000011111110000011100000
000000000000000011000000001111101110000000011111111000000011110000000000000000000000000000000000
100011100000011100000000000000000000000000000000000000000000000000000000000000000000000000000000
111100011011100000000000000000000000000000000000000000000000000000000000000000000010000000000000
011100011111100000111011110000000000000000000000000000000000000000001000000000000000000000000000
000000011111100000111111110000000001111111100000000000000000000000000000000000000001000000000000
000000000000000000111111110000000001111111000000000101111100000000000010000000000000010000000000
000000000010000000000000000000000001111111000000000101111100000000000011111100000000000000000000
000000000011000000000000000000000000000000000000000110111100000000000111110000000001111000001000
000100000000000000000000010000000000000000000000000000001100000000000100111100000001111100000100
000000000001100000000000000000000000000001000000000000000100000000000000000000000001001100001100
000000000000100000000000000000000000000000100000000000000000000000000000000010000000000100010100
000000000000110000000000001000000000000000101000000000000010000000000000000100010110000110100000
000000000000010000000000000000000000000000011000000000000000100000000000000011110110000011000000
000000000000010000000000000011000000000000001000101000000001110011011000000001110010000010000000
000001000000001100000000000001100000000000000111000000000011110011000000000010101000000001000000
000001000000000110000000000001101000000000001011100000000000010011000000000000001000000000000000
000001100000001110000000000000101100000000000011110000000000000001100000000000001100000000100000
000000100000001011000000000000001100000000000000110000000000000001100000000000000100000000000000
110000110000000001100000000000000111000000000000011000000000000000111000000000000110000000100000
110000011000000000111000000000000001100000000000001110000000000000001110000000000011000000010000
001000000110000000000110000000000000001100000000000001110000000000000001100000000000110000001000
000100000001100000000000110000000000000011100000000000001100000000000000011100000000001100000100
000010000000010000000000001110000000000000011000000000000011100000000000000011000000000010000000
000001000000001100000000000001101000000000000111000000000000010011000000000000111000000001000000
110000110000000001100000000000000110000000000000111000000000000000110000000000000110000000100000
001000001100000000011100000000000000110000000000000111000000000000001110000000000001100000010000
000000000010000000000011000000100000001110000000000000110010000000000001110000000000010000001000
000100010001100000000000111000001000000001100000001000001110000000000000001100000000001100000100
101010000000011000000000000111000000000000011100000001000001100000100100010011111000000011000000
000001000010000110001000010001101100000000000011100000000000010011010010000000001001000000000000
110000010000000001110000000000000011000000000000011101000000000000011010000000000010000000001000
001000001110000100011100000000100000111000000000000011000000000000100111000000000001100000110000
000100010011000000100011100010000000000110000000100000111000000000000000110000000000011000001000
000100000000100000000000011000000000100001110000100001000110000000000110001110000010010100000100
000011000010011000000010100111100100000000101100000000000001110010000000000101111000100011001000
000111100000000110000000000000101100000000000001110000000000000001101000010000001101000000100000
110000011000000000110100000000000111101000100000001100000000000000011100000000001011000000010100
001000011100101001001110000000000000111000100000001011100000010000001011001110010000100000010100
001100000011001001000001100000000000000111000000000000011000000000100000111100000110011000001000
010010010000110000000000001100000000000000110001000000000111000000001001000110000000000111000100
010001000100001100000000000011100010100010100111000000000000110010000000000011111000000001000100
000100110000000011001000000010001110000000001000110010100100000001110000100000000100100000100100
110001011011010010111001100000000001100001001000001110110000100000101101010000001111100000010100
001100110111000000000110000000101001011100000000000011100000010000000011110100000000110010101000
000100000001000100000001110000000000010011000000000001011100000000010000011100000000001000000000
000110000000010000001000011110000010001000011100000000001011100000000000100111100011000010101000
000001001000001101000000001001101000000001000111010000000000010011000000000001111100100111001000
110011110000100011110000001000000110000000110000111000000010000000111000000010000110100001100100
100000001000001000011000000000000011110000001000000110100000100000001110010000000001000001010000
001001001110001000001111010001000100001101001101011011110011000000100001110100000100110000001000
000100000001100000000000110110000000001001100000011100001110000001111000001100000010001101010100
011010001011011000000100010110000010000100111100101110000001100000000010000011110000100011100000
110101000010000110001000000001101000000000000111101000000101110011001001111000011000000000000000
110000110100101001100000000000101111010000100010011000000010000000111110000000000110100100100000
001010101111000000001100010000000000110000000011000111000001000000110110001110000101100000010000
000101000011000001100111101001000100010110000000001000111000100010000001111100010000011011001000
010100000000100010100010011000001000000101110110000000001110000000001000011110000110011100100100
000010010001011000101000001111100000100100001100100000001101110000000000100001110001000011110000
000001100010000110000001101100101110001000000011100010000001100011100100001000101100000000101000
111000010001001011110000000100001011010000010001011101001100000001011101001001001010001101011000
011010110100011000001110001000000011011001101011100011100000000000011011000011111100100011010000
010100010011000001101011110001001000011111000000110000011000100000011000111000111001011000011000
001110111010111001100000011100101000001000111011110000000111000000001010011110001010100110010100
010011000010101100010100000011000011100000001110000010000100110011010100101101111000000011010000
000001100110001111010001001100101100000010000101110000010100000011110000100000011110001000100000
110000111000110010110010010100000011100100100000011110000001010001001100000010100111000000111000
001000111111000010001110010110101010111111100010000001100010100010000011101000010001110000001000
000100010001011000101001110000000001000011010000010000011100010000000111111011000011001110011000
011111100110110100001001111110001110100100111001010001101111100000100000100111001000000110010100
000101000000011100101100001001100000101111000111010101100110110010000000101110111111000001001100
110000110000010111100000000000000110010000000110111000011110010001111000010110000110000000110000
000101011100001100111000100001000111111010001011010111000010000000001110100001100001011110011100
011001110110000100110111001000101100001100000001101001110001100000101001101000000000110011011100
100110111001110011110101110000100011001011101100010000011101010010001100111100110001001100011100
000011001010110000001000001111100001001001011000100010101111110000101100111111000001110010010000
110101110101001110011000101101101010000010011111110011011000110011000000100001001100110010001100
110010110000101111101010110001000111000101101000011100000100100011111001001001100110110110110000
011010011101001010111101011100100000110010000000100111100001000010110110100011100011101110110100
001000001010110001000111001100100101011111000001101001110101100010110001111111000110110110001000
010100100011100100000011111101001000111001111000001010001110000010100111001110001000111100100100
000111010000111000001010011111100010010110101100001001000101110001000000100111111001110111010100
000011100011101111000000110101101100010011100011110111010101010011100011110111101100110100110000
010100001000110000101101010101000001100010000100100011111001000000110000001001101010101111111100
010000000010001101000100010101100010111000010010010010010101110011111111111111111111111111000000
100011000001101000011101001001001100101110110001111111111111110011111111111111100000100111000000
011001001001011010000010000000001111111111111111111111111111110010000000011110001100011000110000
101110011101000111111111111111101111111111111111010011001100000011000000100000011011010000100000
011111111111111111011111011011100011010000101101000010101010000000000110001000010101110111100100
101000000010010101001000101000000010100110101000111101000010000011100001000010111111111111111100
111010000001000000101100100111101011101111001100010110101011000011111111111111111111111111100100
011001011110010111000100110010000011010000100001111111111111110001101101100110100010100111100000
000000110000000000001100110001001111111111111110011000100110000000111001000100100001101111100000
000100000010010011111111111111101010010000110011000000010101000000000011100110010110010011010100
111111111111111101001000111011000000000000101101000010000000010010011110010100010000001100010100
010000010000000000011010011101000011101100001101000100000010100010000110001000011111111111111100
000100111001000100100101001010100110100100010000010000110000100011111111111111110101011101000100
000111010010100100000101000100100111000000010001111111111111110000001101100100010000010110000000
010000000010000000100100100111101111111111111110010000100001100000001100011010101000000000000000
000110111111111111111111111111100001000011010000100010011101100011010010010000100011000001000000
111111111111111100101010100100101000011001000010101000000010010010001000001001001100100101001000
110000011000000001010000001011000000100101100110000011010010000011111011011011111111111111111100
000110000101001010000000000100000000110010001011111111111111110011111111111111100001000000001000
110001001000110000101101010011001011011011011011111111111111110000100101100101011000001101000000
101100000000011011111111111111101111111111111110000010100001000010000001110110001100000001100100
000100111111111111111111111111101000110100001111001010000000110001010001100001110000010000000000
111111111111111100110100000100100000000000000010100000001000010000100001110100110110010000110000
000001000000101110100000000000000000010000100000000101000100100011111111111111111111111110100000
000100001001000111001011000000100010101010000001111111111111110011111111111111100000010000101000
110000100000000000100110000000001111111111111111111111111111110001001000000010010100000001001000
000010001001110011111111111111101111111111111110000000001000100010000000000101011011010101000000
011111111111111111011011111111000000000011100100010001000000000000000100100000000000011000000000
010000001010101000010100000100000001000000000010000100000000000000010000010000011111111111111100
010001000100000000000000000001001000100000000000100000000000100011111111111111111111111110000000
001000000111000000000000101100100000100010100011111111111111110000110101100100100001010000000000
010000100001010001000000000000001111111111111111110010000011000000001000101010010000000001100000
000000000100100011111111111111101001011000000011000000000001000000010000000100000010001000000000
111111111111111100100000100001000010000000010101000000000001000011110000010000001001010000000000
000000011000000001000000000100000100001000000010000010000001000011000000000000111111111111111100
010001001000010000000000000000000001000000010000000000110010000011111111111111110101010110000000
010000000010010000010001000001001000100000000001111111111111110010000001000000101100001000000000
001000000000001001100100000000001111111111111111000000000011000000010000000000000000100001100000
000000011101010111111111111111100100000000000000000000010100000010001000000011000000010001000000
111111111111111101100010000000000000000001100000000011001000000000000110000100010001000000001000
001000000000000010000001100000000010001010000100000110100000100000000010000000011111111111111100
000000000000001000000010000000000000000001000000000100000000000011111111111111110000000000001000
100000010000000000000100000010000000000000000001111111111111110000000001000010000000000000000000
001000111000000000100100100101101111111111111110000000000000000001000000000000000100000000010000
000000111111111111111111111111100010000000100001000000000000110000000001000100001000000000000000
111111111111111100000000000000000000011001010010000000000000000010000000000010000100000000010000
000000000000000000000000010000000000000000000001010100000000000011011011011011011111111111111100
000000000000000000000000000000001001000000000001111111111111110011111111111111100010000000000000
100000000000000000000010000000001111111111111111111111111111110000000000001000000000000001000000
000000100000000011111111111111101111111111111110000000000000100000000110000000000000000000000000
000000111111111111111111111111100000001000000000000000000010000000001101000000000000000000001000
000000000000000000000000000000100000001000000010000000000000000000000000000100011111111111111100
000000001000000000000000000000000000000000000000000001000000000011111111111111111111111110100000
000000000010000000000000000000000000000000000001111111111111110011111111111111100000000000100000
000000000000000000000000000000001111111111111110110110110110110000000000000001000000000000100000
100000000000000011111111111111101111111111111110000000000000000000010000000000000000000000000000
111111111111111111011011011011000000000000000000000000100000000000000000000000000000000000000000
000000000000000000000000000000000000000000000000000000000000000000000000000000011111111111111100
000000000000000000000000000000000000000000000000000000000000000011111111111111111111111110000000
000000000000000000000000000000000000000000000001111111111111110000100100100100100000000000000000
000000000000000000000000000000001111111111111110000000000000000000000000000000000000000000000000
000000010101010111111111111111100000000000000000000000000000000000000000000000000000000000000000
111111111111111100000000000000000000000000000000000000000000000000000000000000000000000000000000
000000000000000000000000000000000000000000000000000000000000000000000000000000011111111111011100
000000000000000000000000010000000000000000000000000000000000000000000000000000011111111111111000
000000000000000000000000000000000000000000000000000000000000000011011011011011011011011111101100
000000000000100000000000100000000000000000000000000000000000000010111011111011111011011110000000
000110000000100000000000000000000000000000000000000000000000100011101111111011100000000000000000
000000000010110000000000000000000000000000000000111101111110110000011111111001100000000000000000
100110000000001000000000000000000000000100000000100100111100110000100000100000110000011000000000
100010000010000000000000000000000000001000000001111111100100010000000001100000010000000000001000
100000000110000000000010000001001111011000010011101100110010110010000000000000001000010000000000
001001000000000000000100000001000110111000100110000001100000010000000000000000001000100001001000
111001000100000100100100000000100001011100010011000000000000000011000010000000001000100000110000
001001101100000011011100110000101101011000110011000000000000000000000010000000000000100000110000
010000101100000110001101000101101000010000000000100011000000000000000010000000000001000000110000
010000111110000011011100100100001100000000000000100010000000000001000110000000000111000000000000
000000111000000011111000000101001100110000000000110110000000000001001010000000000111000000000000
100000010000000011111000000000000110100000000000111110000000000000111100000000000101000000000000
000000010000000001110000000000000111100000000000011100000000000000111100000000000000000000000000
000000000000000000000000111100000000000001110000000000001111000000000000001110000000000100000000
000000000001110000000001100110000000000010001000000000011001100000000000011011000000001110000100
100110000010001000000011000011000000000100000100000000100000010000000000100000110000010001001100
111001000100000100000110000001100000001000000011000001100000010010000001000000001000100001111000
010000111000000010001100000000101000010000000001100011000000000001000010000000000111000000110000
000000010000000001110000000000000111100000000000111110000000000000111100000000000010000000000000
000000000000100000000000111100000000000011111000000000001111000000000000001110000000000100000000
000110000001110000000001100110000000000110001100000000010000100000000000110001100000001110000100
100110000010001000000010000001000000000100000100000000100000010010000001100000110000010001001100
111001000100000100000100000000100000001000000011000001000000000011000011000000001000100000110000
010000111000000011011000000000001100110000000001100011000000000001100110000000000111000000000000
000000010000000001110000000000000111100000000000111110000000000000111100000000000000000000000000
000000000001110000000000111100000000000011111000000000001111000000000000011111000000000100000000
000110000011111000000000000010000000000110001100000000010000100000000000110001110000011010000100
101111000010001000000010000001000000001100000110000000100000010010000001100000110000010001001100
111001000100000100000100000000100000000000000011000001000000000011000011000000001000100000110000
010000111000000011011000000000001100110000000000100010000000000001100110000000000111000000000000
000000010000000001110000000000000111100000000000110110000000000000111100000000000000000000000000
000000000001110000000000111100000000000011101000000000001111000000000000011111000000000100000000
000110000001010000000001000010000000000110001100000000010000100000000000110001110000011110000100
101111000010001000000010000001000000001100000110000000100000010010000001100000110000010001001000
111001000000000100000100000000100000001000000011000001000000000010000001000000001000100000110000
010000111000000010001100000000100000010000000001100011000000000001100110000000000111000000110000
000000010000000001010000000000000111100000000000111110000000000000100100000000000010000000000000
000000000000000000000000111100000000000011111000000000001110000000000000001110000000000100000000
000000000001110000000000100110000000000110001100000000011001100000000000010011000000001110000100
100110000010001000000011000011000000000100000100000000100000010000000000000000000000010000001100
101001000100000000000110000001100000001000000010000001100000010010000001000000000000100001101000
010000001100000100001000000000101000010000000001000001000000000001000010000000001110100000110000
000000111000000011110000000000001100110000000000110110000000000001111110000000000111000000000000
000000000000000000000000011000000000000000110000000000001111000000000000001110000000000000000000
000000000001110000000000101100000000000011011000000000011001100000000000011111000000000110000000
000110000011100000000001000010000000000100000100000000010000100000000000110001110000011010000100
001111000010001000000010000001000000001100000110000000000000000010000001100000110000010001001100
111001000100000000000100000000100000001000000011000001000000000010000001000000001000000000110000
010000111000000010001100000000101000000000000001000011000000000001000110000000000110000000110000
000000010000000011111000000000000110100000000000111110000000000000111100000000000101000000000000
000000000000000000000000001100000000000001110000000000001111000000000000001110000000000100000000
000000000001110000000001111110000000000000001000000000011001100000000000011011000000001110000000
000110000010011000000001000000000000000100000100000000110000110000000000010001110000011010001100
001110000010000000000010000001000000000000000000000000100000010010000001100000111000110000001000
100001101100000100000100000000101000001000000011000001000000000011000011000000000000100000100000
010000011000000010001000000000001000010000000000100011000000000001100110000000000111000000000000
000000000000000001110000000000000111100000000000011100000000000000101100000000000010000000000000
000000000000000000000000010000000000000011111000000000001011000000000000001110000000000000000000
000000000000110000000001110100000000000010001000000000011001100000000000011010000000001100000000
000110000011011000000001000010000000000000000100000000110000010000000000110000110000011001001000
001011000010001000000010000001000000001000000110000000100000010010000001100000010000110001001000
111001000000000100000100000000000000000000000011000001000000000001000010000000001000000000000000
010000001000000010001100000000000000000000000001100011000000000000100010000000000111000000110000
000000010000000011101000000000000111100000000000111110000000000000011100000000000011000000000000
000000000000000000000000110100000000000001110000000000001001000000000000001110000000000000000000
000000000001110000000000101110000000000001001000000000011000100000000000011110000000000100000000
000110000011111000000001000010000000000100000100000000010000000000000000110001110000011000000100
101110000010000000000010000001000000001100000100000000100000010010000001100000100000010001000100
100001000000000000000110000001100000000000000011000001000000000010000001000000001000100000100000
010000100100000110000100000000101000000000000000100011000000000001000000000000001011100000110000
000000011000000011111000000000001100110000000000110110000000000001111110000000000101000000000000
000000000000000001110000000000000011100000000000011100000000000000001000000000000000000000000000
000000000001110000000000111000000000000011101000000000001111000000000000011111000000000000000000
000110000000110000000001000000000000000100001000000000010000000000000000110001000000001010000000
000110000010000000000001000010000000000000000100000000110000000000000000100000010000001010001100
101001000110001100000010000000000000001000000000000000100000010000000001000000011000110001000000
001001000000000100000100000000101000001000000011000001000000000011000011000000001000100000110000
000000000000000000001000000000001000000000000000000010000000000000100110000000000011000000000000
000000000000000011011000000000000110100000000000011110000000000000010100000000000111000000000000
000000000000000000000000011100000000000000010000000000001110000000000000001100000000000000000000
000000000001000000000001101010000000000001011000000000011000100000000000011011000000001110000000
000110000010101000000001000010000000000110001000000000010000100000000000000000100000011000000100
100100000010001000000000000000000000000000000100000000000000000010000000100000010000000001001100
000001000000000100000100000001000000001000000001000001100000010010000001000000000000100001000000
011001101000000110000100000000100000011000000011000000000000000001000000000000001101000000110000
000000011000000010011000000000001100110000000000100000000000000001001110000000000100000000000000
000000000000000001100000000000000111100000000000001010000000000000110000000000000010000000000000
000000000000000000000000101100000000000001001000000000001010000000000000001110000000000100000000
000000000001100000000000100010000000000000010000000000011001100000000000010110000000000010000000
000110000001110000000000000010000000000100000100000000000000100000000000010000100000010010000000
100110000000001000000000000001000000000100000100000000100000010010000000100000110000000000001100
000001000100000100000100000001100000001000000011000001000000000010000001000000001000000000100000
000000101100000100000100000000101000010000000001000000000000000001000010000000000001100000100000
010000111000000000011000000000000000110000000000100010000000000001100010000000000101000000000000
000000010000000001100000000000000111100000000000110100000000000000110100000000000010000000000000
000000000000000000000000001100000000000001100000000000001011000000000000001000000000000100000000
000000000001100000000000101110000000000011001000000000011001000000000000011001000000001000000000
000000000001110000000000000000000000000000001100000000010000000000000000110000010000000010000100
000010000000000000000010000000000000000000000100000000100000010000000000100000010000000001001000
000000000110001000000110000001000000000000000010000000100000010000000000000000001000110000111000
011001001000000100000100000000101000001000000011000001000000000010000011000000000000000000100000
000000101000000010001000000000001000000000000001100011000000000001100110000000000001000000000000
000000010000000010001000000000000101100000000000011100000000000000111100000000000101000000000000
000000000000000000000000010000000000000001110000000000001111000000000000000010000000000000000000
000000000001100000000000010000000000000001000000000000000111000000000000010011000000000100000000
000000000001100000000001000100000000000000000100000000000000000000000000010001000000000000000100
000100000000001000000010000011000000000100000100000000000000110000000000100000110000000001000000
000011000000001000000010000001000000001100000110000000100000010000000001100000000000010001000000
001000000100000100000100000001000000001000000010000001000000000000000001000000001000100000010000
010000000000000000001100000000101000010000000001000001000000000001000010000000000011100000010000
000000110000000011000000000000000100100000000000100000000000000001100110000000000111000000000000
000000000000000001010000000000000000000000000000100010000000000000111000000000000000000000000000
000000000000000000000000110100000000000001100000000000001000000000000000000110000000000100000000
000000000001000000000000100000000000000000011000000000001000100000000000010101000000000000000000
000000000000010000000000000010000000000000001000000000000000000000000000010000010000010010000100
000000000000001000000001000000000000000100000000000000000000000000000000100000110000010000001000
101001000100000000000010000001000000000000000000000000000000000000000001000000001000010000001000
101001001000000100000100000000100000010000000011000000000000000001000010000000001000100000010000
000000011000000010001100000000100000000000000000100001000000000000000010000000000000000000010000
000000011000000001110000000000000000000000000000110000000000000000000100000000000001000000000000
000000010000000001100000000000000101100000000000001100000000000000100000000000000000000000000000
000000000000100000000000010100000000000010110000000000001001000000000000000110000000000000000000
000000000000010000000001000110000000000000001000000000011000100000000000011001000000001010000000
000100000011001000000000000010000000000000000000000000000000100000000000010000110000000010000000
100000000000001000000010000000000000000000000000000000100000010010000000000000110000000000001100
101000000100001000000000000001000000000000000010000000100000010000000001000000000000100000011000
011000100000000100000100000000101000011000000001000001000000000010000001000000000000000000010000
010000110000000010000100000000001000010000000001000001000000000001000010000000000100000000000000
000000000000000001101000000000000000010000000000010000000000000000001100000000000000000000000000
000000010000000000010000000000000000000000000000010100000000000000011000000000000000000000000000
000000000000000000000000111000000000000000101000000000000011000000000000000110000000000000000000
000000000001110000000000100100000000000000001000000000000001000000000000000011000000001000000000
000000000000101000000001000000000000000000001000000000000000000000000000010000100000011000000100
000000000010000000000000000000000000000000000000000000100000010000000000000000000000000000001000
000001000110000000000010000000000000001000000000000000100000000000000000000000001000010001000000
101000000000000100000000000000000000000000000001000001000000000001000011000000001000100000110000
000000101000000000000100000000000000010000000000000001000000000000000000000000000110000000000000
000000100000000011100000000000001000110000000000000000000000000000011100000000000110000000000000
000000010000000001010000000000000000100000000000110100000000000000111100000000000000000000000000
000000000000000000000000000100000000000000010000000000000000000000000000000010000000000000000000
000000000001010000000000010000000000000000011000000000010000100000000000000001000000000000000000
000010000000010000000000000000000000000100000100000000010000000000000000110000100000000110000100
000110000010000000000010000010000000000100000000000000000000000000000000000000010000001010000000
101010000000000000000010000000000000000000000000000000000000000000000000100000101000100000000000
100001000000000100000000000000000000001000000010000001000000000000000000000000000000100000000000
000000001100000110000000000000001000010000000000000000000000000000000000000000001101000000110000
010000000000000000000000000000000100110000000000000000000000000001000000000000000111000000000000
000000010000000000010000000000000010000000000000101010000000000000000000000000000100000000000000
000000000000000000000000000000000000000000110000000000000110000000000000000100000000000000000000
000000000000000000000000100000000000000000001000000000000001000000000000011000000000000000000000
000000000000010000000001000000000000000000000000000000000001100000000000001000000000001110000000
000010000000001000000000000000000000000000000000000000000000000000000000010000000000000000000000
100100000010000000000000000000000000000100000100000000000000010000000000000000000000010000001000
000000000010001100000100000001100000000000000010000000000000000000000000000000000000100001000000
011001000100000000000000000000000000000000000011000001000000000001000010000000001000000000010000
000000000000000000000000000000000000000000000001100010000000000000000010000000000000000000000000
000000101000000000000000000000000000000000000000100100000000000001001010000000000000000000000000
000000000000000000010000000000000100000000000000000110000000000000000100000000000000000000000000
000000000000000000000000010000000000000000010000000000000000000000000000000000000000000000000000
000000000000010000000000000000000000000000001000000000011000000000000000000000000000001000000000
000000000000000000000000000010000000000000000000000000010000000000000000010000000000000100000000
000000000010000000000000000000000000000100000100000000100000110000000000100000100000000000001000
000000000000001000000010000001000000000100000010000000000000000000000001000000000000000000000000
001000000000000000000000000000000000000000000000000000000000000000000000000000000000000000000000
010000000000000000000000000000000000000000000010000000000000000001000001000000001000100000110000
000000100000000000000000000000101000010000000000000000000000000000000000000000000111000000100000
000000001000000000000000000000000000000000000000100110000000000000101010000000000000000000000000
000000000000000000000000000000000000000000000000000000000000000000110100000000000000000000000000
000000000000000000000000010100000000000000000000000000001100000000000000000000000000000100000000
000000000001100000000000001100000000000010000000000000010010000000000000010010000000001000000000
000000000000000000000001000010000000000010000000000000010000000000000000000000000000000010000000
000010000000000000000001000000000000000100000000000000100000000000000000100000100000000000000000
001110000010000000000000000000000000000100000110000000000000000000000000000000110000010001000000
000000000000000000000010000001000000001000000010000000000000010000000001000000001000000000101000
010001001000000100000100000000000000001000000001000000000000000010000011000000000000000000110000
000000110000000100000100000000000000010000000000000010000000000000000000000000000011000000000000
000000000000000000000000000000001100000000000000000100000000000000001000000000000100000000000000
000000000000000000100000000000000000000000000000001000000000000000001000000000000000000000000000
000000000000000000000000000000000000000000000000000000000000000000000000000000000000000000000000
000000000000000000000000010000000000000010110000000000001100000000000000010010000000000000000000
000000000000000000000000000000000000000000001000000000000000000000000000001000000000001000000100
000010000010001000000000000000000000000000000000000000000000000000000000000001000000000000000000
000000000000000000000000000000000000000000000000000000000000000000000000000000010000000000000000
000000000000000000000000000000000000000000000000000000100000000000000000000000001000000000000000
001000000100000000000000000000000000000000000001000001000000000001000010000000000000000000000000
010000000000000010001000000000000000010000000000000000000000000000000000000000000010000000000000
000000001000000000000000000000001000010000000000000000000000000000000110000000000000000000000000
000000000000000000001000000000000000000000000000000100000000000000001000000000000000000000000000
000000000000000000000000000000000000000000000000000000000000000000010100000000000000000000000000
000000000000000000000000000000000000000001000000000000000000000000000000000000000000000000000000
000000000001000000000001000000000000000000000000000000000000000000000000000001000000000110000000
000000000000000000000001000000000000000010000000000000000000000000000000000001000000000100000000
000010000000000000000000000010000000000000000000000000000000000000000000000000000000000010000000
000000000000000000000010000001000000000000000000000000000000000000000000100000010000000000000000
000000000100000000000000000000000000000000000000000000000000010000000000000000000000000000000000
000001101000000000000100000000000000000000000000000000000000000000000010000000001000000000100000
010000101000000000000000000000000000000000000000000000000000000000000000000000000000000000000000
000000000000000000000000000000000000010000000000010000000000000000000000000000000000000000000000
000000000000000000000000000000000011000000000000010000000000000000100000000000000000000000000000
000000000000000000000000000000000000000000000000000000000101000000000000000000000000000000000000
000000000000010000000000001000000000000000000000000000000000000000000000000000000000000000000000
000000000000100000000000000000000000000000000000000000000000000000000000010000000000001000000000
000000000001000000000000000000000000000000000000000000000000000000000000000000000000001000000100
000000000000000000000010000000000000000000000000000000000000000000000000000000010000000000001000
000001000100000100000010000000000000001000000000000000000000000000000000000000000000000000000000
000001000000000100000000000000000000000000000000000000000000000010000000000000000000000000000000
011000001000000010000000000000000000000000000000000000000000000000000000000000000000000000000000
000000000000000000001000000000000000000000000001000000000000000000000000000000000000000000000000
000000000000000000000000000000000000000000000000000000000000000000000000000000000000000000000000
000000000000000000000000000000000000000000000000000000000000000000000000000000000000000000000000
000000000000000000000000000000000000000000100000000000000000000000000000000000000000000000000000
000000000000000000000000001000000000000000000000000000000000000000000000001010000000000000000000
000000000000000000000000000000000000000000000000000000000000000000000000000001000000000000000000
000100000000000000000000000000000000000100000100000000000000000000000000000000000000000000000000
000000000000000000000010000000000000000000000000000000000000000000000000000000000000000000000000
000000000000000000000000000000000000000000000000000000000000000000000000000000000000000000000000
000000000000000000000000000000000000000000000000000000000000000000000001000000000000000000000000
000000000000000000000000000000000000000000000000000000000000000000000000000000000001000000010000
000000000000000000000000000000000000000000000000000000000000000000000000000000000001000000000000
000000000000000000000000000000000000000000000000000000000000000001001110000000000000000000000000
000000000000000000000000000000000011000000000000001000000000000000000000000000000000000000000000
000000000000000000000000000000000000000000100000000000000000000000000000000000000000000000000000
000000000000000000000000000000000000000000000000000000000001000000000000000110000000000000000000
000000000000000000000000000000000000000000000000000000000000000000000000000000000000000000000000
000000000000000000000000000000000000000000000000000000000000000000000000000000000000000000000000
000000000000000000000000000000000000000000000000000000000000000000000000000000000000010000000000
100010000000001000000000000000000000000000000000000000000000000000000000000000001000000000000000
000000000000000000000000000000000000000000000000000000000000000000000000000000000000000000000000
000000000000000000000000000000000000000000000000000000000000000010000000000000000000000000000000
000000000000000000000000000000000000000000000000000010000000000000000000000000000000000000100000
000000001000000000000000000000000000000000000000100000000000000000000100000000000000000000000000
000000000000000000000000000000000000000000000000000000000000000000001000000000000000000000000000
