000010000000010000000000001110000000000000011000000000000000000000000000000000000000000000000000
100010000000111000000000000100000000000000000000000000000000000000000000000000000000000000000000
111111001000010000000000000100000000000000000000000000000000000000000000000000000000000000000000
111111001000010000001000000000000000000000000000000000000000000000000000000000000000000000000000
111000101010000010001001000000000000000000000000000000000000000000000000000000000000000000000000
111000101010000010001001000000001000010010000000000001000000000000000000000000000000000000000000
011000101010000010001001000000001000010010000001111111111000000000000000000000000000000000000000
001100001000100000010000001000000001000000010001111111111111110000000000000000000000000000000000
001110001010101000010010001001000001001000010011111111111111110000000000000000000000000000000000
001110001010101000010010001001000001001000010011111111111111110000000000000000000000000000010000
001110001010101000010010001001000001001000010011111111111111110000000000000000000000100000110000
001110001010101000010010001001000001001000010011111111111111110000000000000000001110000001011000
001110001010101000010010001001000001001000010011111111111111110000000000000000000000000000100000
001110001010101000010010001001000001001000010011111111111111110010000001000000001000100000110000
001100001010000000010010000000000001001000000011111111111111110010000001000000001000100000110000
000110000000101000000000001001000001000000010011111111111111110010000001000000001000100000110000
000000000000000000000000000000000000000000000001111111111111110010001001000100001010100100110100
000000000000000000000000000000001111111111111111111111111111110000000000000000000000000000000000
000000000000000011111111111111101111111111111110000000000000000000000000000000000000000000000000
000000011111111101111111111111100000000000000000000000000000000000000000000000000000000000000000
000000111111111011111111111111000000000000000000000000000000000000000000000000000000000000000000
000000111111110111111111111110100000000000000000000000000000000000000000000000000000000000000000
000000111111101111111111111101100000000000000000000000000000000000000000000000000000000000000000
000000111111011111111111111011100000000000000000000000000000000000000000000000000000000000000000
000000111111101111111111111011100000000000000000000000000000000000000000000000000000000000000000
000000111111001111111111110011100000000000000000000000000000000000000000000000000000000000000000
000000111111011111111111110111100000000000000000000000000000000000000000000000000000000000000000
000000111110111111111111101111100000000000000000000000000000000000000000000000000000000000000000
000000111111111111111111111111100000000000000000000000000000000000000000000000000000000000000000
000000111111111111111111111111100000000000000000000000000000000000000000000000000000000000000000
