000000001000000000011000000000000000000000000000000000000000000000000000000000000000000000000000
000000000000000000011000000000000000100000000000000000000000000000000000000000000000000000000000
000000000000000000010000000000000001100000000000000000000000000000000000000000000000000000000000
000000000000000000110000000000000001000000000000000000000000000000000000000000000000000000000000
000000000000000000100000000000000011000000000000000000000000000000000000000000000000000000000000
000000000000000000000000000000000011000000000000001000000000000000000000000000000000000000000000
000000000000000000000000000000000010000000000000011000000000000000000000000000000000000000000000
000000000000000000000000000000000000000000000000001000000000000000011000000000000000000000000000
000000000000000000000000000000000000000000000000000000000000000000011000000000000010000000000000
000000000000000000000000000000000000000000000000000000000000000000010000000000000110000000000000
000000000000000000000000000000000000000000000000000000000000000000000000000000000110000000100000
000000000000000000000000000000000000000000000000000000000000000000000000000000001100000000100000
000000000000000000000000000000000000000000000000000000000000000000000000000000001000000001100000
000000000000000000000000000000000000000000000000000000000000000000000000000000011000000001000000
000000000000000000000000000000000000000000000000000000000000000000000000000000010000000011000000
000000000000000000000000000000000000000000000000000000000000000000000000000000000000000011000100
000000000000000000000000000000000000000000000000000000000000000000000000000000000000000110000100
000000000000000000000000000000000000000000000000000000000000000000000000000000000000001100000100
000000000000000000000000000000000000000000000000000000000000000000000000000000000000001000001100
000000000000000000000000000000000000000000000000000000000000000000000000000000000000011000001000
000000000000000000000000000000000000000000000000000000000000000000000000010000000000011000000000
000000000000000000000000000000000000000000000000000000000000000000000000110000000000010000000000
000000000000000000000000000000000000000000000000000000000000000000000001100000000000010000000000
000000000000000000000000000000000000000000000000000000100000000000000001100000000000000000000000
000000000000000000000000000000000000000000000000000000110000000000000000100000000000000000000000
000000000000000000000000000000000000000100000000000000110000000000000000000000000000000000000000
000000000000000000000000000000000000001100000000000000100000000000000000000000000000000000000000
000000000000000000000010000000000000001100000000000000000000000000000000000000000000000000000000
000000000000000000000110000000000000001000000000000000000000000000000000000000000000000000000000
000000000000000000000100000000000000011000000000000000000000000000000000000000000000000000000000
000000000000000000001100000000000000010000000000000000000000000000000000000000000000000000000000
000000000000000000001000000000000000110000000000000000000000000000000000000000000000000000000000
000000000000000000000000000000000000110000000000000010000000000000000000000000000000000000000000
000000000000000000000000000000000000100000000000000110000000000000000000000000000000000000000000
000000000000000000000000000000000001100000000000000100000000000000000000000000000000000000000000
000000000000000000000000000000000001000000000000001100000000000000000000000000000000000000000000
000000000000000000000000000000000000000000000000001100000000000000001000000000000000000000000000
000000000000000000000000000000000000000000000000001000000000000000011000000000000000000000000000
000000000000000000000000000000000000000000000000011000000000000000010000000000000000000000000000
000000000000000000000000000000000010000000000000011000000000000000000000000000000000000000000000
000000000000000000000000000000000110000000000000010000000000000000000000000000000000000000000000
000000000000000001000000000000000110000000000000000000000000000000000000000000000000000000000000
000000000000000011000000000000000100000000000000000000000000000000000000000000000000000000000000
000000100000000011000000000000000000000000000000000000000000000000000000000000000000000000000000
000000100000000110000000000000000000000000000000000000000000000000000000000000000000000000000000
000001100000000100000000000000000000000000000000000000000000000000000000000000000000000000000000
000001000000001100000000000000000000000000000000000000000000000000000000000000000000000000000000
000011000000001000000000000000000000000000000000000000000000000000000000000000000000000000000000
100011000000000000000000000000000000000000000000000000000000000000000000000000000000000000000000
100110000000000000000000000000000000000000000000000000000000000000000000000000000000000000000000
000110000000100000000000000000000000000000000000000000000000000000000000000000000000000000000000
000100000001100000000000000000000000000000000000000000000000000000000000000000000000000000000000
000000000001100000000000010000000000000000000000000000000000000000000000000000000000000000000000
000000000001000000000000110000000000000000000000000000000000000000000000000000000000000000000000
000000000001000000000001100000000000000000000000000000000000000000000000000000000000000000000000
000000000000000000000001100000000000000010000000000000000000000000000000000000000000000000000000
000000000000000000000000100000000000000011000000000000000000000000000000000000000000000000000000
000000000000000000000000000000000000000011000000000000001000000000000000000000000000000000000000
000000000000000000000000000000000000000010000000000000011000000000000000000000000000000000000000
000000000000000000000000000000000000000000000000000000010000000000000000110000000000000000000000
000000000000000000000000000000000000000000000000000000011000000000000000010000000000000000000000
000000000000000000000000000000000000000000000000000000000000000000000000011000000000001000000000
000000000000000000000000000000000000000000000000000000000000000000000000010000000000011000000000
000000000000000000000000000000000000000000000000000000000000000000000000000000000000011000001000
000000000000000000000000000000000000000000000000000000000000000000000000000000000000110000001000
000000000000000000000000000000000000000000000000000000000000000000000001000000000000110000000000
000000000000000000000000000000000000000000000000000000000000000000000011000000000000100000000000
000000000000000000000000000000000000000000000000000001000000000000000011000000000000000000000000
000000000000000000000000000000000000000000000000000011000000000000000010000000000000000000000000
000000000000000000000000000000000000010000000000000011000000000000000000000000000000000000000000
000000000000000000000000000000000000110000000000000010000000000000000000000000000000000000000000
000000000000000000001000000000000000110000000000000000000000000000000000000000000000000000000000
000000000000000000011000000000000000100000000000000000000000000000000000000000000000000000000000
000000001000000000000000000000000001010000000000000000000000000000000000000000000000000000000000
000000001000000000011000000000000001110000000000000000000000000000000000000000000000000000000000
010001111000000001111000000000000011110000000000011111000000000000000000000000000000000000000000
000000010000000001110000000000000011010000000000000011000000000000000000000000000000000000000000
000000111000000001010000000000000111110000000000001011000000000000000000000000000000000000000000
000000111000000001110000000000000111110000000000001011000000000000000000000000000000000000000000
000000000000000000011000000000000001110000000000000110000000000000000000000000000000000000000000
000000000000000000000000000000000000000000000000000000000000000000000000000000000000000000000000
